{
  "camera_angle_x": 1.3637679719290163,
  "camera_angle_y": 0.8567032449279064,
  "fl_x": 1359.9708251953125,
  "fl_y": 1359.9708251953125,
  "cx": 1072.132568359375,
  "cy": 601.8897705078125,
  "w": 2208.0,
  "h": 1242.0,
  "scale": 1.7,
  "offset": [
    0.5,
    2,
    0.5
  ],
  "aabb_scale": 4,
  "frames": [
    {
      "file_path": "rgb/000001.png",
      "sharpness": 364.2864437345324,
      "transform_matrix": [
        [
          -0.15391058033952632,
          -0.16798866353152864,
          0.97369982139489,
          -0.544854164831
        ],
        [
          -0.023868828238677527,
          -0.9845219000508598,
          -0.17362864786306692,
          -0.91383817725
        ],
        [
          0.9877964427441832,
          -0.049964359749077474,
          0.1475186444379219,
          -0.18107235562799995
        ],
        [
          0.0,
          0.0,
          0.0,
          1.0
        ]
      ]
    },
    {
      "file_path": "rgb/000002.png",
      "sharpness": 407.5584501303978,
      "transform_matrix": [
        [
          -0.3610362546354773,
          -0.15341196783427813,
          0.9198465040233624,
          -0.493718212069
        ],
        [
          -0.023927603962474786,
          -0.98452713079201,
          -0.17359089406725126,
          -0.913825895823
        ],
        [
          0.9322447600321507,
          -0.08468232908740228,
          0.3517792070787173,
          -0.29305238258899996
        ],
        [
          0.0,
          0.0,
          0.0,
          1.0
        ]
      ]
    },
    {
      "file_path": "rgb/000003.png",
      "sharpness": 496.2399917308181,
      "transform_matrix": [
        [
          -0.5514160893088293,
          -0.1318243040355685,
          0.8237491422252863,
          -0.419899594416
        ],
        [
          -0.0238961641653398,
          -0.9845349539341877,
          -0.17355085081897376,
          -0.91382789919
        ],
        [
          0.8338880439180909,
          -0.11538317618849189,
          0.5397383188760227,
          -0.3915546306689999
        ],
        [
          0.0,
          0.0,
          0.0,
          1.0
        ]
      ]
    },
    {
      "file_path": "rgb/000004.png",
      "sharpness": 602.1393631436711,
      "transform_matrix": [
        [
          -0.7164979374344174,
          -0.10421485606080733,
          0.6897608059526511,
          -0.326788179408
        ],
        [
          -0.023904210563105946,
          -0.9845293087356939,
          -0.17358176447360907,
          -0.913826276697
        ],
        [
          0.6971795280769368,
          -0.14085916376523755,
          0.7029220451897762,
          -0.4720686148289999
        ],
        [
          0.0,
          0.0,
          0.0,
          1.0
        ]
      ]
    },
    {
      "file_path": "rgb/000005.png",
      "sharpness": 638.1010065444864,
      "transform_matrix": [
        [
          -0.8486489759032149,
          -0.07178206983006505,
          0.5240632119786085,
          -0.218649927956
        ],
        [
          -0.023902200780189533,
          -0.9845331953306276,
          -0.1735599956497113,
          -0.913826555583
        ],
        [
          0.5284161243719648,
          -0.1598177766801177,
          0.8338073385145612,
          -0.5308719838249999
        ],
        [
          0.0,
          0.0,
          0.0,
          1.0
        ]
      ]
    },
    {
      "file_path": "rgb/000006.png",
      "sharpness": 628.3305900504929,
      "transform_matrix": [
        [
          -0.9417821574642241,
          -0.036071664285567434,
          0.3342831179071126,
          -0.100464442963
        ],
        [
          -0.02390585709536778,
          -0.9845280961637471,
          -0.17358841511092582,
          -0.91382641439
        ],
        [
          0.3353727446865161,
          -0.17147379654004447,
          0.9263486704376361,
          -0.5652841980899999
        ],
        [
          0.0,
          0.0,
          0.0,
          1.0
        ]
      ]
    },
    {
      "file_path": "rgb/000007.png",
      "sharpness": 580.1717491646059,
      "transform_matrix": [
        [
          -0.9916258603895106,
          0.0013174522536081035,
          0.12913720349427585,
          0.022342018384
        ],
        [
          -0.023906396886634394,
          -0.984538462643508,
          -0.17352953570921725,
          -0.913823007814
        ],
        [
          0.1269119269204485,
          -0.17516358039020918,
          0.9763252956418887,
          -0.5736963267389998
        ],
        [
          0.0,
          0.0,
          0.0,
          1.0
        ]
      ]
    },
    {
      "file_path": "rgb/000008.png",
      "sharpness": 557.3233751456938,
      "transform_matrix": [
        [
          -0.9958881551347163,
          0.038625900311559686,
          -0.08194401922955068,
          0.144119905841
        ],
        [
          -0.023902481483603136,
          -0.9845290588576172,
          -0.1735834198414721,
          -0.913826663537
        ],
        [
          -0.08738108400161632,
          -0.1709110063455722,
          0.9814040829692154,
          -0.5557577441369999
        ],
        [
          0.0,
          0.0,
          0.0,
          1.0
        ]
      ]
    },
    {
      "file_path": "rgb/000009.png",
      "sharpness": 416.1021106222388,
      "transform_matrix": [
        [
          -0.9543708575044232,
          0.07417665941734204,
          -0.2892647395448604,
          0.2592748322
        ],
        [
          -0.023894182457378888,
          -0.9845213182555261,
          -0.17362845949064565,
          -0.913835575502
        ],
        [
          -0.29766648180634275,
          -0.15879419730608835,
          0.9413708453691083,
          -0.5122711526489999
        ],
        [
          0.0,
          0.0,
          0.0,
          1.0
        ]
      ]
    },
    {
      "file_path": "rgb/000010.png",
      "sharpness": 351.397888820624,
      "transform_matrix": [
        [
          -0.8689886744256288,
          0.10630757207342348,
          -0.48327775020152,
          0.362510573419
        ],
        [
          -0.023895581770999933,
          -0.9845260944605514,
          -0.17360118230611002,
          -0.913828854335
        ],
        [
          -0.4942546761456227,
          -0.1393092582928632,
          0.8580823070440728,
          -0.44522669380999996
        ],
        [
          0.0,
          0.0,
          0.0,
          1.0
        ]
      ]
    },
    {
      "file_path": "rgb/000011.png",
      "sharpness": 285.4480362644143,
      "transform_matrix": [
        [
          -0.7436621787462511,
          0.13352431798282743,
          -0.6550861167889301,
          0.449078617776
        ],
        [
          -0.023904995114335623,
          -0.9845369900169108,
          -0.17353808370794266,
          -0.913824529962
        ],
        [
          -0.6681280678963897,
          -0.11339387900438948,
          0.7353548212212764,
          -0.35771117455999996
        ],
        [
          0.0,
          0.0,
          0.0,
          1.0
        ]
      ]
    },
    {
      "file_path": "rgb/000012.png",
      "sharpness": 223.77593906202074,
      "transform_matrix": [
        [
          -0.5841536488380167,
          0.15465257140455735,
          -0.7967729266906538,
          0.515012815945
        ],
        [
          -0.023903666385653992,
          -0.9845311775825634,
          -0.1735712392685344,
          -0.913825760315
        ],
        [
          -0.8112910262554092,
          -0.08234647852731622,
          0.5788142432521817,
          -0.25376601667499993
        ],
        [
          0.0,
          0.0,
          0.0,
          1.0
        ]
      ]
    },
    {
      "file_path": "rgb/000013.png",
      "sharpness": 175.90436756731887,
      "transform_matrix": [
        [
          -0.3977842298110647,
          0.1687089575879806,
          -0.9018342387286009,
          0.557278002598
        ],
        [
          -0.023888090098159065,
          -0.9845193466753834,
          -0.17364047677122615,
          -0.913837386469
        ],
        [
          -0.9171679593537274,
          -0.04752834576811476,
          0.39565640483058817,
          -0.13816108866899995
        ],
        [
          0.0,
          0.0,
          0.0,
          1.0
        ]
      ]
    },
    {
      "file_path": "rgb/000014.png",
      "sharpness": 169.9828066265605,
      "transform_matrix": [
        [
          -0.19314553421714412,
          0.17492615534204403,
          -0.9654510048620931,
          0.573916165717
        ],
        [
          -0.023901484580737434,
          -0.9845260505408289,
          -0.17360061878148395,
          -0.913828557543
        ],
        [
          -0.9808789536159959,
          -0.010454471948807742,
          0.1943378047870789,
          -0.016192466613999944
        ],
        [
          0.0,
          0.0,
          0.0,
          1.0
        ]
      ]
    },
    {
      "file_path": "rgb/000015.png",
      "sharpness": 191.32904610862312,
      "transform_matrix": [
        [
          0.02037862848450711,
          0.17306356756719515,
          -0.9846998086127599,
          0.564163041575
        ],
        [
          -0.023903197838023423,
          -0.9845384767770515,
          -0.17352989620996184,
          -0.913824954706
        ],
        [
          -0.9995065525719213,
          0.027073775622152466,
          -0.0159267711528293,
          0.10651593097900006
        ],
        [
          0.0,
          0.0,
          0.0,
          1.0
        ]
      ]
    },
    {
      "file_path": "rgb/000016.png",
      "sharpness": 225.74854065095798,
      "transform_matrix": [
        [
          0.23296863944216428,
          0.16336245234722607,
          -0.9586648643814831,
          0.528501838328
        ],
        [
          -0.023899291620789912,
          -0.9845301086709304,
          -0.17357790464350856,
          -0.913826617611
        ],
        [
          -0.9721905352843605,
          0.06334961944247797,
          -0.225460393018379,
          0.22432738562900006
        ],
        [
          0.0,
          0.0,
          0.0,
          1.0
        ]
      ]
    },
    {
      "file_path": "rgb/000017.png",
      "sharpness": 264.63293177206157,
      "transform_matrix": [
        [
          0.434850721898253,
          0.14608847949674292,
          -0.888573579295996,
          0.468532616631
        ],
        [
          -0.023900121105347283,
          -0.9845330292485741,
          -0.173561224153829,
          -0.913828795174
        ],
        [
          -0.9001853330707614,
          0.09671023977302329,
          -0.42463336614934816,
          0.3318265894760001
        ],
        [
          0.0,
          0.0,
          0.0,
          1.0
        ]
      ]
    },
    {
      "file_path": "rgb/000018.png",
      "sharpness": 324.6295451814171,
      "transform_matrix": [
        [
          0.6167415598175179,
          0.12214643908677253,
          -0.7776310795051059,
          0.387038285984
        ],
        [
          -0.023896413409078603,
          -0.9845268265114946,
          -0.17359691617476394,
          -0.913828591989
        ],
        [
          -0.7868029040490621,
          0.12564702661673693,
          -0.6042797488600256,
          0.4240775450340001
        ],
        [
          0.0,
          0.0,
          0.0,
          1.0
        ]
      ]
    },
    {
      "file_path": "rgb/000019.png",
      "sharpness": 386.9488203353056,
      "transform_matrix": [
        [
          0.7702797872282798,
          0.09251385437201998,
          -0.6309597737865611,
          0.287738263301
        ],
        [
          -0.023904416232819064,
          -0.9845367721558701,
          -0.17353939943847974,
          -0.913826266507
        ],
        [
          -0.6372578977714782,
          0.14875661673395502,
          -0.75615728569243,
          0.49682429616100005
        ],
        [
          0.0,
          0.0,
          0.0,
          1.0
        ]
      ]
    },
    {
      "file_path": "rgb/000020.png",
      "sharpness": 449.3957512627018,
      "transform_matrix": [
        [
          0.8884153570577276,
          0.05870231569130405,
          -0.45527155794807694,
          0.175225997918
        ],
        [
          -0.023898358497064287,
          -0.9845298343861583,
          -0.17357958884819968,
          -0.91382777168
        ],
        [
          -0.45841795536948216,
          0.16509101530986692,
          -0.8732685353651654,
          0.5467464607670001
        ],
        [
          0.0,
          0.0,
          0.0,
          1.0
        ]
      ]
    },
    {
      "file_path": "rgb/000021.png",
      "sharpness": 499.30047740005244,
      "transform_matrix": [
        [
          0.9657157068664848,
          0.022180055389027717,
          -0.25865269891169873,
          0.054656007838
        ],
        [
          -0.023894269191653095,
          -0.9845197452391149,
          -0.17363736675642705,
          -0.913835733295
        ],
        [
          -0.2584999756502175,
          0.1738646495905617,
          -0.9502362054834518,
          0.5715420810530001
        ],
        [
          0.0,
          0.0,
          0.0,
          1.0
        ]
      ]
    },
    {
      "file_path": "rgb/000022.png",
      "sharpness": 523.3871817780835,
      "transform_matrix": [
        [
          0.9986225321017146,
          -0.015395326270480379,
          -0.0501599671828594,
          -0.06843167405
        ],
        [
          -0.023898369612973227,
          -0.9845240890837507,
          -0.17361217107003968,
          -0.913829885859
        ],
        [
          -0.04671087998102576,
          0.1745717673131496,
          -0.9835358619534734,
          0.5700527891020001
        ],
        [
          0.0,
          0.0,
          0.0,
          1.0
        ]
      ]
    },
    {
      "file_path": "rgb/000023.png",
      "sharpness": 483.4665135853531,
      "transform_matrix": [
        [
          0.985627365133185,
          -0.05225078788697625,
          0.16065040387688173,
          -0.188371128697
        ],
        [
          -0.023895791391902458,
          -0.9845252403207487,
          -0.17360599737660648,
          -0.913831808211
        ],
        [
          0.16723542762934435,
          0.16727195322755645,
          -0.9716235924518652,
          0.5423632709110001
        ],
        [
          0.0,
          0.0,
          0.0,
          1.0
        ]
      ]
    },
    {
      "file_path": "rgb/000024.png",
      "sharpness": 576.6258696934603,
      "transform_matrix": [
        [
          0.9273274229002795,
          -0.08670582896484677,
          0.3640686061179198,
          -0.299653263171
        ],
        [
          -0.023900665283473014,
          -0.9845270597954928,
          -0.1735950077895373,
          -0.913831097473
        ],
        [
          0.3734870933996698,
          0.15227792930678052,
          -0.9150512681319586,
          0.48974204943500005
        ],
        [
          0.0,
          0.0,
          0.0,
          1.0
        ]
      ]
    },
    {
      "file_path": "rgb/000025.png",
      "sharpness": 571.8727810538294,
      "transform_matrix": [
        [
          0.826401574019817,
          -0.11715939588793864,
          0.5507577638242986,
          -0.397157350842
        ],
        [
          -0.02389583114575935,
          -0.984530182940702,
          -0.17357795981230134,
          -0.913828220563
        ],
        [
          0.562573930885019,
          0.13028428467747294,
          -0.816416913993492,
          0.41460993647600003
        ],
        [
          0.0,
          0.0,
          0.0,
          1.0
        ]
      ]
    },
    {
      "file_path": "rgb/000026.png",
      "sharpness": 552.854847813851,
      "transform_matrix": [
        [
          0.6874869514475733,
          -0.14225357609432798,
          0.712127524870158,
          -0.476411703566
        ],
        [
          -0.02389729687475718,
          -0.9845267484384477,
          -0.17359723733774485,
          -0.913832396039
        ],
        [
          0.7258034243453263,
          0.10232791260253887,
          -0.6802487688419623,
          0.32042325180200004
        ],
        [
          0.0,
          0.0,
          0.0,
          1.0
        ]
      ]
    },
    {
      "file_path": "rgb/000027.png",
      "sharpness": 662.1844350564068,
      "transform_matrix": [
        [
          0.6252756908599291,
          -0.411622757522503,
          0.6630211278000192,
          -0.50719446431
        ],
        [
          -0.03449231243989021,
          -0.8633334198796203,
          -0.5034537580567935,
          -0.668930722493
        ],
        [
          0.7796413218924377,
          0.29192826449066245,
          -0.5540192213175301,
          0.3068201329660001
        ],
        [
          0.0,
          0.0,
          0.0,
          1.0
        ]
      ]
    },
    {
      "file_path": "rgb/000028.png",
      "sharpness": 659.1623190434959,
      "transform_matrix": [
        [
          0.7770900431140534,
          -0.3399480861873171,
          0.5296851551540586,
          -0.430137153443
        ],
        [
          -0.03449096156619032,
          -0.8633222601313271,
          -0.5034729870926312,
          -0.668932495411
        ],
        [
          0.6284436637147662,
          0.37297449491797385,
          -0.6826042687219618,
          0.40788699881100005
        ],
        [
          0.0,
          0.0,
          0.0,
          1.0
        ]
      ]
    },
    {
      "file_path": "rgb/000029.png",
      "sharpness": 614.0380035634313,
      "transform_matrix": [
        [
          0.893168405235009,
          -0.25266531613063314,
          0.3720355331343471,
          -0.33330498635
        ],
        [
          -0.03450528352174906,
          -0.8633187943386152,
          -0.5034779486241708,
          -0.668929027321
        ],
        [
          0.4483966829705974,
          0.4368534048926788,
          -0.7798073591180316,
          0.49019798274000004
        ],
        [
          0.0,
          0.0,
          0.0,
          1.0
        ]
      ]
    },
    {
      "file_path": "rgb/000030.png",
      "sharpness": 574.8261183438643,
      "transform_matrix": [
        [
          0.9682398957935122,
          -0.15368999931934352,
          0.19720772881149734,
          -0.22115230417
        ],
        [
          -0.03449096052156775,
          -0.8633228512999619,
          -0.5034719734658561,
          -0.668932367197
        ],
        [
          0.2476325459952075,
          0.48067976713454913,
          -0.8412045432779162,
          0.549985060425
        ],
        [
          0.0,
          0.0,
          0.0,
          1.0
        ]
      ]
    },
    {
      "file_path": "rgb/000031.png",
      "sharpness": 563.1406500891582,
      "transform_matrix": [
        [
          0.9987705546977811,
          -0.04772834132290479,
          0.013393450013017246,
          -0.098836301901
        ],
        [
          -0.034503932840271215,
          -0.8633194454917542,
          -0.5034769246493469,
          -0.668928828856
        ],
        [
          0.035592944346330015,
          0.5023958006098124,
          -0.8639048569387632,
          0.584483286238
        ],
        [
          0.0,
          0.0,
          0.0,
          1.0
        ]
      ]
    },
    {
      "file_path": "rgb/000032.png",
      "sharpness": 549.6730221846024,
      "transform_matrix": [
        [
          0.983403887927071,
          0.06046284898869952,
          -0.17105857798453383,
          0.02802615649
        ],
        [
          -0.03449715004048609,
          -0.8633215415659001,
          -0.5034737952538961,
          -0.668933085155
        ],
        [
          -0.17812001529588223,
          0.5010191211525241,
          -0.8469079645336601,
          0.592117601865
        ],
        [
          0.0,
          0.0,
          0.0,
          1.0
        ]
      ]
    },
    {
      "file_path": "rgb/000033.png",
      "sharpness": 541.1979906631336,
      "transform_matrix": [
        [
          0.9228307474285159,
          0.165867743812817,
          -0.3476655047067122,
          0.153598027596
        ],
        [
          -0.03450449430418894,
          -0.8633232365421751,
          -0.5034703855433368,
          -0.668931598896
        ],
        [
          -0.3836572056841099,
          0.47661397462599614,
          -0.7909780450289826,
          0.572532449709
        ],
        [
          0.0,
          0.0,
          0.0,
          1.0
        ]
      ]
    },
    {
      "file_path": "rgb/000034.png",
      "sharpness": 484.56023023531014,
      "transform_matrix": [
        [
          0.8198454801780152,
          0.2636585314041232,
          -0.5082691879796581,
          0.27211171166
        ],
        [
          -0.03449435297731363,
          -0.8633199430181303,
          -0.5034767279625237,
          -0.668931451572
        ],
        [
          -0.5715448610952221,
          0.43030553657255405,
          -0.6986942227832217,
          0.526635922791
        ],
        [
          0.0,
          0.0,
          0.0,
          1.0
        ]
      ]
    },
    {
      "file_path": "rgb/000035.png",
      "sharpness": 406.36838919556317,
      "transform_matrix": [
        [
          0.6791658669063487,
          0.3493192431274627,
          -0.6455306279412343,
          0.378113867224
        ],
        [
          -0.03449809881827447,
          -0.8633235704762878,
          -0.5034702511946445,
          -0.66893215778
        ],
        [
          -0.7331736536505333,
          0.3642093890071075,
          -0.5742890513946763,
          0.4565250033170001
        ],
        [
          0.0,
          0.0,
          0.0,
          1.0
        ]
      ]
    },
    {
      "file_path": "rgb/000036.png",
      "sharpness": 329.2681549598578,
      "transform_matrix": [
        [
          0.5072765462739615,
          0.41893223927353085,
          -0.7531044313358054,
          0.466740387845
        ],
        [
          -0.03449854247703338,
          -0.8633184697628865,
          -0.5034789671209996,
          -0.668930316087
        ],
        [
          -0.861092536355601,
          0.2813840767768024,
          -0.42348866002426183,
          0.3654373942810001
        ],
        [
          0.0,
          0.0,
          0.0,
          1.0
        ]
      ]
    },
    {
      "file_path": "rgb/000037.png",
      "sharpness": 258.07377651562354,
      "transform_matrix": [
        [
          0.31206045176316843,
          0.46927659505080066,
          -0.8260736963388281,
          0.533906223026
        ],
        [
          -0.034499382433582804,
          -0.8633235812384259,
          -0.5034701447845352,
          -0.668932735852
        ],
        [
          -0.9494356571443212,
          0.1856121531990465,
          -0.2532193940592724,
          0.25754483643000003
        ],
        [
          0.0,
          0.0,
          0.0,
          1.0
        ]
      ]
    },
    {
      "file_path": "rgb/000038.png",
      "sharpness": 196.26693081708888,
      "transform_matrix": [
        [
          0.10251065584853175,
          0.49806068372864226,
          -0.8610616242530271,
          0.576537984859
        ],
        [
          -0.034497704212066944,
          -0.8633210511550387,
          -0.5034745982039768,
          -0.668930753023
        ],
        [
          -0.9941335291808644,
          0.08131616048680856,
          -0.07131765701481632,
          0.13781889452500004
        ],
        [
          0.0,
          0.0,
          0.0,
          1.0
        ]
      ]
    },
    {
      "file_path": "rgb/000039.png",
      "sharpness": 172.96627510248396,
      "transform_matrix": [
        [
          -0.11176336387507563,
          0.5039405433306005,
          -0.856477016202412,
          0.592660335077
        ],
        [
          -0.034497582759394525,
          -0.8633248609118012,
          -0.5034680737796371,
          -0.668932971539
        ],
        [
          -0.9931358755372229,
          -0.026722898781355035,
          0.11387282117184624,
          0.011754511568000042
        ],
        [
          0.0,
          0.0,
          0.0,
          1.0
        ]
      ]
    },
    {
      "file_path": "rgb/000040.png",
      "sharpness": 181.70834864516686,
      "transform_matrix": [
        [
          -0.32089209191122736,
          0.4866659515353674,
          -0.812517394869188,
          0.581548158552
        ],
        [
          -0.03449788672282894,
          -0.8633226453490774,
          -0.503471852082249,
          -0.668933569172
        ],
        [
          -0.9464872746954897,
          -0.13353000278456756,
          0.293822356528325,
          -0.11484959767899997
        ],
        [
          0.0,
          0.0,
          0.0,
          1.0
        ]
      ]
    },
    {
      "file_path": "rgb/000041.png",
      "sharpness": 234.81056943251923,
      "transform_matrix": [
        [
          -0.5152733881919868,
          0.4470148314018169,
          -0.731212059479297,
          0.543698489052
        ],
        [
          -0.03449615242251158,
          -0.8633236444489559,
          -0.5034702577148082,
          -0.668932586545
        ],
        [
          -0.8563313324229078,
          -0.2342008228896256,
          0.46026799114062816,
          -0.23617269990199996
        ],
        [
          0.0,
          0.0,
          0.0,
          1.0
        ]
      ]
    },
    {
      "file_path": "rgb/000042.png",
      "sharpness": 309.4977688902699,
      "transform_matrix": [
        [
          -0.6859658367155992,
          0.3868226078178603,
          -0.6162946867692904,
          0.480861668561
        ],
        [
          -0.03449648858855235,
          -0.8633211089241679,
          -0.5034745824378876,
          -0.668930607747
        ],
        [
          -0.7268155633543685,
          -0.32410636057772013,
          0.6055528085137887,
          -0.34664176430899996
        ],
        [
          0.0,
          0.0,
          0.0,
          1.0
        ]
      ]
    },
    {
      "file_path": "rgb/000043.png",
      "sharpness": 360.07270847514405,
      "transform_matrix": [
        [
          -0.82512865537329,
          0.3088472430818843,
          -0.4730497674902566,
          0.39592069635
        ],
        [
          -0.03449712383500631,
          -0.8633199790884274,
          -0.5034764762666369,
          -0.66893079145
        ],
        [
          -0.5638906370290064,
          -0.3991140114647399,
          0.7230043950928271,
          -0.4411760961299999
        ],
        [
          0.0,
          0.0,
          0.0,
          1.0
        ]
      ]
    },
    {
      "file_path": "rgb/000044.png",
      "sharpness": 404.04885469701486,
      "transform_matrix": [
        [
          -0.9263640797337555,
          0.21667308738546348,
          -0.3080622745191043,
          0.292779823184
        ],
        [
          -0.03449692381720903,
          -0.8633208093621375,
          -0.5034750662837771,
          -0.668930462208
        ],
        [
          -0.37504606920508093,
          -0.4557740156318209,
          0.8072239420685331,
          -0.515430347682
        ],
        [
          0.0,
          0.0,
          0.0,
          1.0
        ]
      ]
    },
    {
      "file_path": "rgb/000045.png",
      "sharpness": 432.53824987109783,
      "transform_matrix": [
        [
          -0.9850192421361297,
          0.11454036438061987,
          -0.12890926091293714,
          0.176179960311
        ],
        [
          -0.03450002106970045,
          -0.8633228233088543,
          -0.503471400677555,
          -0.668931339557
        ],
        [
          -0.16895810477084283,
          -0.49148164531504496,
          0.8543412381189739,
          -0.565993381826
        ],
        [
          0.0,
          0.0,
          0.0,
          1.0
        ]
      ]
    },
    {
      "file_path": "rgb/000046.png",
      "sharpness": 446.89815949509034,
      "transform_matrix": [
        [
          -0.9983959621935711,
          0.007141659913838198,
          0.05616493006537987,
          0.051482583793
        ],
        [
          -0.034498466646188705,
          -0.8633213674871554,
          -0.5034740035385843,
          -0.668930884148
        ],
        [
          0.04489274412013304,
          -0.5046040161689002,
          0.8621829436909438,
          -0.590540090074
        ],
        [
          0.0,
          0.0,
          0.0,
          1.0
        ]
      ]
    },
    {
      "file_path": "rgb/000047.png",
      "sharpness": 504.4584711168745,
      "transform_matrix": [
        [
          -0.9658807192023435,
          -0.10058416659910846,
          0.23865720542805038,
          -0.07558109512
        ],
        [
          -0.03449821119649245,
          -0.8633215353317627,
          -0.503473733234069,
          -0.668932555122
        ],
        [
          0.256679390870023,
          -0.4945288182320328,
          0.830395651626755,
          -0.58794236958
        ],
        [
          0.0,
          0.0,
          0.0,
          1.0
        ]
      ]
    },
    {
      "file_path": "rgb/000048.png",
      "sharpness": 565.4312325362307,
      "transform_matrix": [
        [
          -0.8889670480522819,
          -0.20368664089587932,
          0.41018208127338385,
          -0.199170251977
        ],
        [
          -0.034500955796806676,
          -0.8633199369910178,
          -0.5034762858794162,
          -0.66892911762
        ],
        [
          0.45666976200129406,
          -0.4617255014772066,
          0.7604355921176384,
          -0.558319306021
        ],
        [
          0.0,
          0.0,
          0.0,
          1.0
        ]
      ]
    },
    {
      "file_path": "rgb/000049.png",
      "sharpness": 586.3072114305583,
      "transform_matrix": [
        [
          -0.7711934062449857,
          -0.2974280378720172,
          0.5628474859603253,
          -0.313604843968
        ],
        [
          -0.03449733442891263,
          -0.8633205941153536,
          -0.5034754072381422,
          -0.668930542853
        ],
        [
          0.6356655284672564,
          -0.4076936522242102,
          0.655526675166258,
          -0.503032163703
        ],
        [
          0.0,
          0.0,
          0.0,
          1.0
        ]
      ]
    },
    {
      "file_path": "rgb/000050.png",
      "sharpness": 608.2704099166677,
      "transform_matrix": [
        [
          -0.6179650580335152,
          -0.3774949873627347,
          0.6896497093203502,
          -0.413624624904
        ],
        [
          -0.03449959672442305,
          -0.8633224012845218,
          -0.5034721534168296,
          -0.668932016769
        ],
        [
          0.7854482572871919,
          -0.3349208353571575,
          0.5204796529819176,
          -0.42461978774399994
        ],
        [
          0.0,
          0.0,
          0.0,
          1.0
        ]
      ]
    },
    {
      "file_path": "rgb/000051.png",
      "sharpness": 579.3202036311758,
      "transform_matrix": [
        [
          -0.4363372507501528,
          -0.44021255269514536,
          0.7847437238088766,
          -0.494631163925
        ],
        [
          -0.034498959862109047,
          -0.8633213414931669,
          -0.503474014315408,
          -0.668931511338
        ],
        [
          0.8991215854244804,
          -0.24675730946025254,
          0.3615123854748359,
          -0.32669313533399996
        ],
        [
          0.0,
          0.0,
          0.0,
          1.0
        ]
      ]
    },
    {
      "file_path": "rgb/000052.png",
      "sharpness": 530.9293928285421,
      "transform_matrix": [
        [
          -0.23465167322531916,
          -0.48269429779851947,
          0.8437682188405489,
          -0.552901687401
        ],
        [
          -0.0344955993947279,
          -0.863321770483485,
          -0.503473508967115,
          -0.668932633261
        ],
        [
          0.9714672644381573,
          -0.14724719176288292,
          0.18592906884881752,
          -0.21374715130999997
        ],
        [
          0.0,
          0.0,
          0.0,
          1.0
        ]
      ]
    },
    {
      "file_path": "rgb/000053.png",
      "sharpness": 712.4175505723223,
      "transform_matrix": [
        [
          0.5776676596148071,
          -0.5404095514580327,
          0.6117659615637989,
          -0.45494702375
        ],
        [
          -0.021120049257539082,
          -0.7591076408325497,
          -0.6506224198019923,
          -0.576496531483
        ],
        [
          0.8159987858780862,
          0.3629230032976262,
          -0.4499254106214948,
          0.17843570364900002
        ],
        [
          0.0,
          0.0,
          0.0,
          1.0
        ]
      ]
    },
    {
      "file_path": "rgb/000054.png",
      "sharpness": 636.2719673697306,
      "transform_matrix": [
        [
          0.3904478575843513,
          -0.6053545330381233,
          0.6936111012937916,
          -0.482527564912
        ],
        [
          -0.02107234994009921,
          -0.7590923773638762,
          -0.6506417744781388,
          -0.576499644132
        ],
        [
          0.92038384741139,
          0.23942567105106954,
          -0.3091422350083419,
          0.07736086323600004
        ],
        [
          0.0,
          0.0,
          0.0,
          1.0
        ]
      ]
    },
    {
      "file_path": "rgb/000055.png",
      "sharpness": 565.0045927990067,
      "transform_matrix": [
        [
          0.18524846404336465,
          -0.6424996610069836,
          0.7435571209903684,
          -0.487930081864
        ],
        [
          -0.02103806468913427,
          -0.7590730548509357,
          -0.6506654264930664,
          -0.576502521152
        ],
        [
          0.9824664912370854,
          0.10489176805249954,
          -0.15413406693885226,
          -0.027266551017999966
        ],
        [
          0.0,
          0.0,
          0.0,
          1.0
        ]
      ]
    },
    {
      "file_path": "rgb/000056.png",
      "sharpness": 545.899657624835,
      "transform_matrix": [
        [
          -0.02844380631309751,
          -0.6500549819151965,
          0.7593546407112137,
          -0.470893596319
        ],
        [
          -0.02108674953079675,
          -0.7591027469101073,
          -0.6506292097867686,
          -0.576499222699
        ],
        [
          0.9993729528442564,
          -0.03451869233854405,
          0.007884224919958977,
          -0.13065508768599998
        ],
        [
          0.0,
          0.0,
          0.0,
          1.0
        ]
      ]
    },
    {
      "file_path": "rgb/000057.png",
      "sharpness": 581.7274177903261,
      "transform_matrix": [
        [
          -0.2408148105520313,
          -0.6278083448815527,
          0.7401789710035505,
          -0.432233349227
        ],
        [
          -0.0210313585973092,
          -0.7590676672539356,
          -0.6506719284595119,
          -0.576502692986
        ],
        [
          0.9703431913371375,
          -0.17225840654886515,
          0.16959107405434168,
          -0.22802106135199998
        ],
        [
          0.0,
          0.0,
          0.0,
          1.0
        ]
      ]
    },
    {
      "file_path": "rgb/000058.png",
      "sharpness": 643.8346362309887,
      "transform_matrix": [
        [
          -0.44211924815112513,
          -0.5765914332255261,
          0.6870756068623143,
          -0.373675687412
        ],
        [
          -0.02109676206850264,
          -0.7591113164311838,
          -0.6506188868272579,
          -0.576498200903
        ],
        [
          0.896708144852331,
          -0.3021462036780355,
          0.32345351220607005,
          -0.3149223608849999
        ],
        [
          0.0,
          0.0,
          0.0,
          1.0
        ]
      ]
    },
    {
      "file_path": "rgb/000060.png",
      "sharpness": 623.3008487436748,
      "transform_matrix": [
        [
          -0.7754345025732023,
          -0.39839709809796764,
          0.48987864256994185,
          -0.208558262959
        ],
        [
          -0.021051977686781315,
          -0.7590833066987948,
          -0.6506530163817725,
          -0.576500242449
        ],
        [
          0.6310769734782959,
          -0.5148517123583665,
          0.5802323395219646,
          -0.44195111791799996
        ],
        [
          0.0,
          0.0,
          0.0,
          1.0
        ]
      ]
    },
    {
      "file_path": "rgb/000061.png",
      "sharpness": 570.5782329364274,
      "transform_matrix": [
        [
          -0.8921332608764109,
          -0.27949051955164084,
          0.35494125474333915,
          -0.109556433073
        ],
        [
          -0.02105809276581791,
          -0.7590837609503718,
          -0.6506522885462752,
          -0.576500268967
        ],
        [
          0.4512812887402804,
          -0.5879429337462888,
          0.6713183336471,
          -0.47625017930399993
        ],
        [
          0.0,
          0.0,
          0.0,
          1.0
        ]
      ]
    },
    {
      "file_path": "rgb/000062.png",
      "sharpness": 469.0682574935621,
      "transform_matrix": [
        [
          -0.9678264907295361,
          -0.14773760663869323,
          0.2036798552307567,
          -0.005519473073
        ],
        [
          -0.021056394236797976,
          -0.7590853721918392,
          -0.650650463756172,
          -0.576500412774
        ],
        [
          0.2507359409895115,
          -0.6340055183585139,
          0.7315521106435662,
          -0.48865802205099995
        ],
        [
          0.0,
          0.0,
          0.0,
          1.0
        ]
      ]
    },
    {
      "file_path": "rgb/000063.png",
      "sharpness": 395.7494391615934,
      "transform_matrix": [
        [
          -0.9990299195025152,
          -0.009197204747349,
          0.04306543119061422,
          0.09876891791
        ],
        [
          -0.021059500762790933,
          -0.7590854311693541,
          -0.6506502944086462,
          -0.576499238719
        ],
        [
          0.03867450538042076,
          -0.650926047728366,
          0.7581553686562595,
          -0.47860341823899993
        ],
        [
          0.0,
          0.0,
          0.0,
          1.0
        ]
      ]
    },
    {
      "file_path": "rgb/000064.png",
      "sharpness": 378.125247902655,
      "transform_matrix": [
        [
          -0.9843127995403054,
          0.12977011098422994,
          -0.11953255186879914,
          0.198519794704
        ],
        [
          -0.021063192248886472,
          -0.7590855978041984,
          -0.6506499805106654,
          -0.576499297167
        ],
        [
          -0.17517035877514484,
          -0.6379253667172857,
          0.749911042661197,
          -0.44655029920199996
        ],
        [
          0.0,
          0.0,
          0.0,
          1.0
        ]
      ]
    },
    {
      "file_path": "rgb/000065.png",
      "sharpness": 376.76318217271296,
      "transform_matrix": [
        [
          -0.9243502198091567,
          0.2627685714608481,
          -0.27663938438188806,
