{
  "camera_angle_x": 1.2331627362648634,
  "camera_angle_y": 0.7614764511645227,
  "fl_x": 902.9847831938456,
  "fl_y": 899.3952260225373,
  "cx": 648.3180071178795,
  "cy": 355.7737630891216,
  "w": 1280.0,
  "h": 720.0,
  "scale": 1.7,
  "offset": [
    0.5,
    2,
    0.5
  ],
  "aabb_scale": 4,
  "frames": [
    {
      "file_path": "rgb/000001.png",
      "sharpness": 124.01058648308538,
      "transform_matrix": [
        [
          0.24388888657152302,
          -0.3611193778423541,
          0.900061667861516,
          -0.510296242831
        ],
        [
          0.0204132566357102,
          -0.9259697614412197,
          -0.3770454877730479,
          -0.809725282396
        ],
        [
          0.9695883198349842,
          0.11033039401380795,
          -0.21846211158077392,
          0.11089947601700005
        ],
        [
          0.0,
          0.0,
          0.0,
          1.0
        ]
      ]
    },
    {
      "file_path": "rgb/000002.png",
      "sharpness": 117.40405615081781,
      "transform_matrix": [
        [
          0.0315509957705537,
          -0.3762188141665557,
          0.9259934873059297,
          -0.522182786288
        ],
        [
          0.020310878243448134,
          -0.9260220907766241,
          -0.3769224795878717,
          -0.809706130572
        ],
        [
          0.9992957534638414,
          0.03070002053420029,
          -0.021575584542101265,
          -0.0004452021569999504
        ],
        [
          0.0,
          0.0,
          0.0,
          1.0
        ]
      ]
    },
    {
      "file_path": "rgb/000003.png",
      "sharpness": 111.22832728809784,
      "transform_matrix": [
        [
          -0.18221636400435298,
          -0.37416784968984673,
          0.9092830235672,
          -0.510094436903
        ],
        [
          0.020338915879480283,
          -0.9260014713203444,
          -0.3769716217613797,
          -0.809713798354
        ],
        [
          0.9830480787783883,
          -0.050196567323210095,
          0.17634278958632219,
          -0.11173576789499995
        ],
        [
          0.0,
          0.0,
          0.0,
          1.0
        ]
      ]
    },
    {
      "file_path": "rgb/000004.png",
      "sharpness": 116.03274983364972,
      "transform_matrix": [
        [
          -0.3875695478956024,
          -0.3548313902605801,
          0.8508140396289557,
          -0.474547847515
        ],
        [
          0.020312918201250862,
          -0.926014649865083,
          -0.3769406499561928,
          -0.809709851436
        ],
        [
          0.9216166398769868,
          -0.12880820129553736,
          0.36610274019851397,
          -0.21790535501599995
        ],
        [
          0.0,
          0.0,
          0.0,
          1.0
        ]
      ]
    },
    {
      "file_path": "rgb/000005.png",
      "sharpness": 137.83082869592238,
      "transform_matrix": [
        [
          -0.575085173307279,
          -0.3192233512657941,
          0.7532419899665528,
          -0.417186987065
        ],
        [
          0.02033247169173185,
          -0.9260211641878215,
          -0.3769235918208578,
          -0.809707906324
        ],
        [
          0.8178408366161731,
          -0.2014478976878814,
          0.5390316414461132,
          -0.31405009505099996
        ],
        [
          0.0,
          0.0,
          0.0,
          1.0
        ]
      ]
    },
    {
      "file_path": "rgb/000006.png",
      "sharpness": 130.77700568305127,
      "transform_matrix": [
        [
          -0.7362017367369962,
          -0.26894441153297677,
          0.6210281043001284,
          -0.340655638052
        ],
        [
          0.02032281838532994,
          -0.9260177897971887,
          -0.3769324024702657,
          -0.809706046468
        ],
        [
          0.6764569357160197,
          -0.26487724795518086,
          0.6872016135293791,
          -0.39576534051299994
        ],
        [
          0.0,
          0.0,
          0.0,
          1.0
        ]
      ]
    },
    {
      "file_path": "rgb/000007.png",
      "sharpness": 123.09084666738507,
      "transform_matrix": [
        [
          -0.8634809797018549,
          -0.20630877149472432,
          0.4602578500117762,
          -0.248466633253
        ],
        [
          0.02033478767900088,
          -0.9260169744405087,
          -0.3769337600402711,
          -0.809708588821
        ],
        [
          0.503971322699194,
          -0.31611588674469426,
          0.8037932893750985,
          -0.45928108183899996
        ],
        [
          0.0,
          0.0,
          0.0,
          1.0
        ]
      ]
    },
    {
      "file_path": "rgb/000008.png",
      "sharpness": 114.12405618849394,
      "transform_matrix": [
        [
          -0.9510624831762009,
          -0.13417399935648092,
          0.27834778783278635,
          -0.144855898404
        ],
        [
          0.02032166788058497,
          -0.9260153242916968,
          -0.3769385215011792,
          -0.809707592615
        ],
        [
          0.30832966595718614,
          -0.35283559496404376,
          0.8834250732332082,
          -0.501690508723
        ],
        [
          0.0,
          0.0,
          0.0,
          1.0
        ]
      ]
    },
    {
      "file_path": "rgb/000009.png",
      "sharpness": 112.56444941066115,
      "transform_matrix": [
        [
          -0.9949294080987063,
          -0.055878529883729065,
          0.0836245346677119,
          -0.034584727715
        ],
        [
          0.020326518923079025,
          -0.9260167136157483,
          -0.3769348468008219,
          -0.809710224851
        ],
        [
          0.09850028187181933,
          -0.3733237683329613,
          0.9224570767623012,
          -0.521036890757
        ],
        [
          0.0,
          0.0,
          0.0,
          1.0
        ]
      ]
    },
    {
      "file_path": "rgb/000010.png",
      "sharpness": 98.74291211502522,
      "transform_matrix": [
        [
          -0.9930597241664586,
          0.024982012316483435,
          -0.11492729570931448,
          0.077274945423
        ],
        [
          0.020327550008941375,
          -0.9260162712853781,
          -0.3769358778696437,
          -0.80970967299
        ],
        [
          -0.11584116258511536,
          -0.37665602925659386,
          0.9190816398316228,
          -0.516433288204
        ],
        [
          0.0,
          0.0,
          0.0,
          1.0
        ]
      ]
    },
    {
      "file_path": "rgb/000011.png",
      "sharpness": 114.40379532758803,
      "transform_matrix": [
        [
          -0.9455432543513507,
          0.10469886818085876,
          -0.3081981524154611,
          0.185583411922
        ],
        [
          0.020325392194163718,
          -0.9260157885993253,
          -0.376937180040551,
          -0.809708047033
        ],
        [
          -0.3248612512793886,
          -0.3626746562229245,
          0.8734599367748775,
          -0.48809370643899996
        ],
        [
          0.0,
          0.0,
          0.0,
          1.0
        ]
      ]
    },
    {
      "file_path": "rgb/000012.png",
      "sharpness": 110.98542660521997,
      "transform_matrix": [
        [
          -0.8545638060906517,
          0.17959671002947727,
          -0.487304548579681,
          0.285359612938
        ],
        [
          0.02032846553218359,
          -0.9260170681677609,
          -0.3769338707931288,
          -0.809709242597
        ],
        [
          -0.5189484124736924,
          -0.3320201969889365,
          0.7876897447488205,
          -0.43731618330099997
        ],
        [
          0.0,
          0.0,
          0.0,
          1.0
        ]
      ]
    },
    {
      "file_path": "rgb/000013.png",
      "sharpness": 105.98368804294803,
      "transform_matrix": [
        [
          -0.7243050213078176,
          0.24624356944854034,
          -0.6440080283766066,
          0.372020293807
        ],
        [
          0.02032805640223885,
          -0.9260165166449097,
          -0.3769352477863212,
          -0.809708647202
        ],
        [
          -0.6891799519945351,
          -0.28610752420387314,
          0.6657127596514436,
          -0.3664377072069999
        ],
        [
          0.0,
          0.0,
          0.0,
          1.0
        ]
      ]
    },
    {
      "file_path": "rgb/000014.png",
      "sharpness": 113.59792376294548,
      "transform_matrix": [
        [
          -0.5607517087886605,
          0.3015702823209375,
          -0.7711114614058512,
          0.441579965195
        ],
        [
          0.020326180635610428,
          -0.9260175024957633,
          -0.3769329269940181,
          -0.809710244398
        ],
        [
          -0.8277344788465478,
          -0.2270395337653319,
          0.5131361248599196,
          -0.27871579159999993
        ],
        [
          0.0,
          0.0,
          0.0,
          1.0
        ]
      ]
    },
    {
      "file_path": "rgb/000015.png",
      "sharpness": 98.86187037714733,
      "transform_matrix": [
        [
          -0.371424884500382,
          0.3430365983512194,
          -0.8627684784259926,
          0.490842569652
        ],
        [
          0.020328636463669558,
          -0.9260163972061111,
          -0.376935509928346,
          -0.809709119133
        ],
        [
          -0.928240433138638,
          -0.15754213498946382,
          0.3369720670761238,
          -0.17818208141499994
        ],
        [
          0.0,
          0.0,
          0.0,
          1.0
        ]
      ]
    },
    {
      "file_path": "rgb/000016.png",
      "sharpness": 93.54508857753422,
      "transform_matrix": [
        [
          -0.1650249026631252,
          0.3687352434630356,
          -0.9147683322728668,
          0.517543972772
        ],
        [
          0.02032517372931186,
          -0.9260163196534743,
          -0.3769358871854841,
          -0.809708836622
        ],
        [
          -0.9860799505181614,
          -0.08079663336854209,
          0.14532114513177372,
          -0.06945789724699994
        ],
        [
          0.0,
          0.0,
          0.0,
          1.0
        ]
      ]
    },
    {
      "file_path": "rgb/000017.png",
      "sharpness": 93.82812516148766,
      "transform_matrix": [
        [
          0.0489646563413928,
          0.37748404731998,
          -0.9247206369754577,
          0.520455352337
        ],
        [
          0.020326235235954275,
          -0.9260160251015281,
          -0.3769365535687651,
          -0.809708807913
        ],
        [
          -0.9985936644053485,
          -0.00033952038670109644,
          -0.05301488597936486,
          0.04245918688600005
        ],
        [
          0.0,
          0.0,
          0.0,
          1.0
        ]
      ]
    },
    {
      "file_path": "rgb/000018.png",
      "sharpness": 89.23826088722957,
      "transform_matrix": [
        [
          0.26070142070414337,
          0.3688784532599463,
          -0.8921678406910836,
          0.499441797786
        ],
        [
          0.020326073689165444,
          -0.9260169452146253,
          -0.37693430184019605,
          -0.8097096382
        ],
        [
          -0.965205480698915,
          0.08013303872887295,
          -0.2489117838368707,
          0.15242475183400006
        ],
        [
          0.0,
          0.0,
          0.0,
          1.0
        ]
      ]
    },
    {
      "file_path": "rgb/000019.png",
      "sharpness": 95.40504997837283,
      "transform_matrix": [
        [
          0.4604559882380802,
          0.3433178382922902,
          -0.8186043884600192,
          0.455472849953
        ],
        [
          0.020322338209994684,
          -0.9260167944314941,
          -0.37693487368575856,
          -0.809708210638
        ],
        [
          -0.8874498777200726,
          0.1569259645219015,
          -0.43336699942831297,
          0.25538561282600003
        ],
        [
          0.0,
          0.0,
          0.0,
          1.0
        ]
      ]
    },
    {
      "file_path": "rgb/000020.png",
      "sharpness": 118.79015313672554,
      "transform_matrix": [
        [
          0.6390408786084937,
          0.30198099454872784,
          -0.707413764637532,
          0.390565994518
        ],
        [
          0.02032889157749474,
          -0.9260168866987196,
          -0.3769342936322471,
          -0.809708358911
        ],
        [
          -0.7689040848080565,
          0.2264954844586794,
          -0.5979015837788969,
          0.3466024948440001
        ],
        [
          0.0,
          0.0,
          0.0,
          1.0
        ]
      ]
    },
    {
      "file_path": "rgb/000021.png",
      "sharpness": 128.39292645874025,
      "transform_matrix": [
        [
          0.7882563454745865,
          0.24675454065453406,
          -0.5637057126599123,
          0.307707289194
        ],
        [
          0.020321620435068594,
          -0.9260168930588599,
          -0.376934670085559,
          -0.809707886407
        ],
        [
          -0.6150113540105928,
          0.28566573199455697,
          -0.734953144086119,
          0.42189319640800005
        ],
        [
          0.0,
          0.0,
          0.0,
          1.0
        ]
      ]
    },
    {
      "file_path": "rgb/000022.png",
      "sharpness": 154.76927669685153,
      "transform_matrix": [
        [
          0.9012367697985182,
          0.18019406585768943,
          -0.39408423388002656,
          0.210703325395
        ],
        [
          0.020327644334089484,
          -0.9260178981415428,
          -0.37693187606959716,
          -0.809710097757
        ],
        [
          -0.4328499412486498,
          0.3316940622790738,
          -0.8382243001785659,
          0.47778540607400005
        ],
        [
          0.0,
          0.0,
          0.0,
          1.0
        ]
      ]
    },
    {
      "file_path": "rgb/000023.png",
      "sharpness": 181.47683422508234,
      "transform_matrix": [
        [
          0.9727892087813883,
          0.105346431165247,
          -0.20635717753261423,
          0.104014994916
        ],
        [
          0.02032144608375526,
          -0.9260153989390076,
          -0.37693835007451304,
          -0.809705968274
        ],
        [
          -0.2307990340264578,
          0.36248808307112246,
          -0.9029585790742993,
          0.511721094463
        ],
        [
          0.0,
          0.0,
          0.0,
          1.0
        ]
      ]
    },
    {
      "file_path": "rgb/000024.png",
      "sharpness": 176.59767821949023,
      "transform_matrix": [
        [
          0.9996289887786641,
          0.025663535605120427,
          -0.009125115538456153,
          -0.007452756806
        ],
        [
          0.02033288424912435,
          -0.9260177226327131,
          -0.3769320246254428,
          -0.809710084812
        ],
        [
          -0.01812342714436673,
          0.37660663869662253,
          -0.9261959733653427,
          0.522130235047
        ],
        [
          0.0,
          0.0,
          0.0,
          1.0
        ]
      ]
    },
    {
      "file_path": "rgb/000025.png",
      "sharpness": 168.1628613779278,
      "transform_matrix": [
        [
          0.9805197976259014,
          -0.0552067196791239,
          0.1885023728389965,
          -0.11858011942
        ],
        [
          0.020327264884650528,
          -0.9260157000447483,
          -0.3769372966064037,
          -0.809707376757
        ],
        [
          0.19536562841495603,
          0.37342621945024873,
          -0.9068545251919539,
          0.508541718086
        ],
        [
          0.0,
          0.0,
          0.0,
          1.0
        ]
      ]
    },
    {
      "file_path": "rgb/000026.png",
      "sharpness": 132.55523878987154,
      "transform_matrix": [
        [
          0.9163388387521069,
          -0.13353431868769158,
          0.37748075226036915,
          -0.224254595329
        ],
        [
          0.02033135271017086,
          -0.9260168380737306,
          -0.37693428034725723,
          -0.809709537195
        ],
        [
          0.3998871949580466,
          0.35307421505477293,
          -0.8458302607332284,
          0.4715764365230001
        ],
        [
          0.0,
          0.0,
          0.0,
          1.0
        ]
      ]
    },
    {
      "file_path": "rgb/000027.png",
      "sharpness": 122.97758850639134,
      "transform_matrix": [
        [
          0.8254498762524058,
          -0.2823395373081371,
          0.48879125142284907,
          -0.326358596519
        ],
        [
          0.0011618453163512244,
          -0.865069587903236,
          -0.5016505339381057,
          -0.713394582608
        ],
        [
          0.5644742260815357,
          0.4146552709873017,
          -0.7137435494154036,
          0.4454461902230001
        ],
        [
          0.0,
          0.0,
          0.0,
          1.0
        ]
      ]
    },
    {
      "file_path": "rgb/000028.png",
      "sharpness": 129.82242730350737,
      "transform_matrix": [
        [
          0.9268214448081903,
          -0.18740845519964222,
          0.3253921946871843,
          -0.223899134763
        ],
        [
          0.0012308248497279414,
          -0.8650308490052041,
          -0.5017171666781248,
          -0.713402623573
        ],
        [
          0.3755003255842104,
          0.4654027301048198,
          -0.8014984742949498,
          0.504799947515
        ],
        [
          0.0,
          0.0,
          0.0,
          1.0
        ]
      ]
    },
    {
      "file_path": "rgb/000029.png",
      "sharpness": 142.08265053849271,
      "transform_matrix": [
        [
          0.9855682892557796,
          -0.08384871396486146,
          0.14705284893491555,
          -0.111146446572
        ],
        [
          0.0012735220227972875,
          -0.8650073021943432,
          -0.5017576559377266,
          -0.713407028024
        ],
        [
          0.1692735223095854,
          0.49470370962516885,
          -0.8524169838336184,
          0.540933646596
        ],
        [
          0.0,
          0.0,
          0.0,
          1.0
        ]
      ]
    },
    {
      "file_path": "rgb/000030.png",
      "sharpness": 145.5940932915582,
      "transform_matrix": [
        [
          0.9989999331306384,
          0.023505454749463348,
          -0.03803455273827479,
          0.006711768504
        ],
        [
          0.0012507310731541238,
          -0.8650210033868102,
          -0.5017340922953696,
          -0.713403386155
        ],
        [
          -0.04469417497574289,
          0.5011847536554727,
          -0.8641853235426651,
          0.552189623789
        ],
        [
          0.0,
          0.0,
          0.0,
          1.0
        ]
      ]
    },
    {
      "file_path": "rgb/000031.png",
      "sharpness": 144.79845981171098,
      "transform_matrix": [
        [
          0.9665262961182403,
          0.12975756558870238,
          -0.22133660583927203,
          0.124263704336
        ],
        [
          0.0012332913533570477,
          -0.8650231926942252,
          -0.5017303609445286,
          -0.713404111019
        ],
        [
          -0.2565646076612934,
          0.48466261489162005,
          -0.8362276913747976,
          0.53806611498
        ],
        [
          0.0,
          0.0,
          0.0,
          1.0
        ]
      ]
    },
    {
      "file_path": "rgb/000032.png",
      "sharpness": 132.74676057789065,
      "transform_matrix": [
        [
          0.8896166378290626,
          0.2301050732391782,
          -0.3945046171685531,
          0.23610377406
        ],
        [
          0.0012438226499081881,
          -0.8650179567135012,
          -0.5017393620879418,
          -0.713404007687
        ],
        [
          -0.45670635051740827,
          0.4458649905888459,
          -0.7698205762151844,
          0.49921289167500005
        ],
        [
          0.0,
          0.0,
          0.0,
          1.0
        ]
      ]
    },
    {
      "file_path": "rgb/000033.png",
      "sharpness": 115.41713944346108,
      "transform_matrix": [
        [
          0.7717899943081326,
          0.31987357613279943,
          -0.5495644638965176,
          0.337089728023
        ],
        [
          0.0012468604952889538,
          -0.8650211496884703,
          -0.5017338496957748,
          -0.713403650246
        ],
        [
          -0.6358762851567574,
          0.3865479347812524,
          -0.6680135059200456,
          0.43741083256200003
        ],
        [
          0.0,
          0.0,
          0.0,
          1.0
        ]
      ]
    },
    {
      "file_path": "rgb/000034.png",
      "sharpness": 106.26823539899193,
      "transform_matrix": [
        [
          0.6185140079089579,
          0.39491848517516787,
          -0.6793230542881259,
          0.422580383104
        ],
        [
          0.0012490589281797877,
          -0.8650205659916836,
          -0.5017348505567667,
          -0.713404350515
        ],
        [
          -0.7857727800529815,
          0.3094815187993909,
          -0.5355206136550028,
          0.35550468208700003
        ],
        [
          0.0,
          0.0,
          0.0,
          1.0
        ]
      ]
    },
    {
      "file_path": "rgb/000035.png",
      "sharpness": 93.95655250651046,
      "transform_matrix": [
        [
          0.43680889927515687,
          0.45180874166980467,
          -0.7778604286533499,
          0.488648928804
        ],
        [
          0.0012475659736578275,
          -0.8650210028814909,
          -0.5017341010466009,
          -0.713403683231
        ],
        [
          -0.8995534609422426,
          0.21819148820393325,
          -0.37841253333126484,
          0.25725617052400007
        ],
        [
          0.0,
          0.0,
          0.0,
          1.0
        ]
      ]
    },
    {
      "file_path": "rgb/000036.png",
      "sharpness": 92.35894940147402,
      "transform_matrix": [
        [
          0.2350356016993821,
          0.48793053927933316,
          -0.8406438334826398,
          0.532254664844
        ],
        [
          0.001240121748555752,
          -0.865021520079442,
          -0.501733227818828,
          -0.713402914291
        ],
        [
          -0.9719859711085639,
          0.11688267039228034,
          -0.20391594672833072,
          0.14718092085000006
        ],
        [
          0.0,
          0.0,
          0.0,
          1.0
        ]
      ]
    },
    {
      "file_path": "rgb/000037.png",
      "sharpness": 84.94058236501718,
      "transform_matrix": [
        [
          0.02244501395981552,
          0.5016318848262006,
          -0.8647899591658412,
          0.551395665884
        ],
        [
          0.0012380689636554087,
          -0.8650211561926612,
          -0.5017338602529764,
          -0.713403525251
        ],
        [
          -0.9997473123412662,
          0.010190753888966174,
          -0.020036466794063314,
          0.030342798638000046
        ],
        [
          0.0,
          0.0,
          0.0,
          1.0
        ]
      ]
    },
    {
      "file_path": "rgb/000038.png",
      "sharpness": 82.74962594057718,
      "transform_matrix": [
        [
          -0.19117580380613647,
          0.4922756722514564,
          -0.8491857715179019,
          0.545191416693
        ],
        [
          0.0012390874609646229,
          -0.8650208997745052,
          -0.5017342998197047,
          -0.713404285002
        ],
        [
          -0.9815550298894818,
          -0.09697167350665847,
          0.16476109321067375,
          -0.08789008893399995
        ],
        [
          0.0,
          0.0,
          0.0,
          1.0
        ]
      ]
    },
    {
      "file_path": "rgb/000039.png",
      "sharpness": 85.73373772468094,
      "transform_matrix": [
        [
          -0.3960140910799689,
          0.46028922751072515,
          -0.7945480896104944,
          0.513925203704
        ],
        [
          0.001242029868170235,
          -0.8650210967901166,
          -0.5017339528772498,
          -0.713404932602
        ],
        [
          -0.9182435935131337,
          -0.19968056777163784,
          0.3419888504417705,
          -0.20208384158799994
        ],
        [
          0.0,
          0.0,
          0.0,
          1.0
        ]
      ]
    },
    {
      "file_path": "rgb/000040.png",
      "sharpness": 86.61589744616853,
      "transform_matrix": [
        [
          -0.5826446855490525,
          0.40714758406893947,
          -0.7033889501465543,
          0.459038328236
        ],
        [
          0.0012404584874747327,
          -0.8650211738532,
          -0.5017338239030462,
          -0.713405088957
        ],
        [
          -0.8127260495789382,
          -0.2932050708505192,
          0.5034949401566567,
          -0.30698828490099994
        ],
        [
          0.0,
          0.0,
          0.0,
          1.0
        ]
      ]
    },
    {
      "file_path": "rgb/000041.png",
      "sharpness": 91.53950382711147,
      "transform_matrix": [
        [
          -0.742499691372239,
          0.3352883894903501,
          -0.5798930109814201,
          0.383048680881
        ],
        [
          0.001241678634368041,
          -0.8650200007546904,
          -0.5017358433762977,
          -0.713404128839
        ],
        [
          -0.669845255672009,
          -0.373258749619246,
          0.6418607631615896,
          -0.39778324682199995
        ],
        [
          0.0,
          0.0,
          0.0,
          1.0
        ]
      ]
    },
    {
      "file_path": "rgb/000042.png",
      "sharpness": 102.4137882277831,
      "transform_matrix": [
        [
          -0.868221943566468,
          0.2480151389444538,
          -0.4297431181113061,
          0.289451851011
        ],
        [
          0.0012436385043267635,
          -0.8650197113451782,
          -0.5017363374797315,
          -0.713404436034
        ],
        [
          -0.4961744754347358,
          -0.4361529431732264,
          0.7507206538309684,
          -0.47029250262899996
        ],
        [
          0.0,
          0.0,
          0.0,
          1.0
        ]
      ]
    },
    {
      "file_path": "rgb/000043.png",
      "sharpness": 114.86535701943728,
      "transform_matrix": [
        [
          -0.9540315637330837,
          0.14934412126599506,
          -0.2598463177424209,
          0.182552062494
        ],
        [
          0.0012462399492149483,
          -0.865019338317123,
          -0.5017369741442185,
          -0.713404220977
        ],
        [
          -0.2997035573479173,
          -0.4789967408873414,
          0.82506963338394,
          -0.52118426111
        ],
        [
          0.0,
          0.0,
          0.0,
          1.0
        ]
      ]
    },
    {
      "file_path": "rgb/000044.png",
      "sharpness": 124.81943495969301,
      "transform_matrix": [
        [
          -0.9959907223252094,
          0.043808242076713994,
          -0.07799563428971973,
          0.067259875899
        ],
        [
          0.0012430014749597194,
          -0.8650210191872191,
          -0.5017340842634053,
          -0.713404978155
        ],
        [
          -0.08944795128699665,
          -0.499819441689149,
          0.8614984560172504,
          -0.548118118674
        ],
        [
          0.0,
          0.0,
          0.0,
          1.0
        ]
      ]
    },
    {
      "file_path": "rgb/000045.png",
      "sharpness": 120.21326393398232,
      "transform_matrix": [
        [
          -0.992166286703164,
          -0.06374294312866849,
          0.10743787381994488,
          -0.051125029743
        ],
        [
          0.0012432455622935635,
          -0.8650200707805381,
          -0.5017357187676641,
          -0.713404082082
        ],
        [
          0.12491802860326806,
          -0.4976716933362074,
          0.8583229996812068,
          -0.549858311107
        ],
        [
          0.0,
          0.0,
          0.0,
          1.0
        ]
      ]
    },
    {
      "file_path": "rgb/000046.png",
      "sharpness": 125.8829122941182,
      "transform_matrix": [
        [
          -0.9427367817402224,
          -0.1683630720407348,
          0.2879257479404983,
          -0.167156627311
        ],
        [
          0.0012464874549854492,
          -0.8650205263666254,
          -0.5017349252677467,
          -0.713403030074
        ],
        [
          0.33353531540620046,
          -0.4726450729008111,
          0.8156965296232869,
          -0.526323642138
        ],
        [
          0.0,
          0.0,
          0.0,
          1.0
        ]
      ]
    },
    {
      "file_path": "rgb/000047.png",
      "sharpness": 120.16024914753767,
      "transform_matrix": [
        [
          -0.8499720518510208,
          -0.26524338636442785,
          0.45518508000822744,
          -0.275506993829
        ],
        [
          0.0012456561138399537,
          -0.8650205761142598,
          -0.5017348415645462,
          -0.713403929937
        ],
        [
          0.5268263085809322,
          -0.42589358869192306,
          0.7355737160190701,
          -0.47859501857699993
        ],
        [
          0.0,
          0.0,
          0.0,
          1.0
        ]
      ]
    },
    {
      "file_path": "rgb/000048.png",
      "sharpness": 111.17556268239784,
      "transform_matrix": [
        [
          -0.7181357930194858,
          -0.3499318489740495,
          0.6015219728803576,
          -0.371194288557
        ],
        [
          0.0012447598415061694,
          -0.8650207131694212,
          -0.5017346074976324,
          -0.713404116268
        ],
        [
          0.6959018848639595,
          -0.35956482984500754,
          0.6216379169430701,
          -0.4088669245939999
        ],
        [
          0.0,
          0.0,
          0.0,
          1.0
        ]
      ]
    },
    {
      "file_path": "rgb/000049.png",
      "sharpness": 119.21232936602938,
      "transform_matrix": [
        [
          -0.5532944225335162,
          -0.41853124316121215,
          0.7202061374990034,
          -0.44981592171
        ],
        [
          0.0012413693591977147,
          -0.8650213143366903,
          -0.5017335794476379,
          -0.713404743047
        ],
        [
          0.8329848383946835,
          -0.27671234927475746,
          0.4791310204562296,
          -0.32034772716899995
        ],
        [
          0.0,
          0.0,
          0.0,
          1.0
        ]
      ]
    },
    {
      "file_path": "rgb/000050.png",
      "sharpness": 119.6405722141925,
      "transform_matrix": [
        [
          -0.3630207435897589,
          -0.46789839324721516,
          0.8057834903497424,
          -0.507765328428
        ],
        [
          0.0012435836532330173,
          -0.8650202341761579,
          -0.5017354362266261,
          -0.713404394423
        ],
        [
          0.9317802279632448,
          -0.1811383119676778,
          0.31460215942403236,
          -0.21710172294699995
        ],
        [
          0.0,
          0.0,
          0.0,
          1.0
        ]
      ]
    },
    {
      "file_path": "rgb/000051.png",
      "sharpness": 117.89149124467642,
      "transform_matrix": [
        [
          -0.15605065066576923,
          -0.49575724960007467,
          0.8543260173351619,
          -0.54237259852
        ],
        [
          0.0012439864357773939,
          -0.8650200863009398,
          -0.5017356901732843,
          -0.713404052142
        ],
        [
          0.9877482710309027,
          -0.07723341093648317,
          0.13560366260016224,
          -0.10387341198599996
        ],
        [
          0.0,
          0.0,
          0.0,
          1.0
        ]
      ]
    },
    {
      "file_path": "rgb/000052.png",
      "sharpness": 105.83997686371511,
      "transform_matrix": [
        [
          0.05808564271981331,
          -0.5008273862781885,
          0.863595962973186,
          -0.55204896069
        ],
        [
          0.0012448630279936535,
          -0.8650195118794543,
          -0.5017366783322426,
          -0.713403281966
        ],
        [
          0.9983108275611698,
          0.03021875612246244,
          -0.04962175281611289,
          0.014126529104000043
        ],
        [
          0.0,
          0.0,
          0.0,
          1.0
        ]
      ]
    },
    {
      "file_path": "rgb/000053.png",
      "sharpness": 90.18367049603877,
      "transform_matrix": [
        [
          0.38446072684142724,
          -0.6238439945810643,
          0.680447367502956,
          -0.491369870087
        ],
        [
          0.016430291598540203,
          -0.7323589093765288,
          -0.6807205545411483,
          -0.596525359002
        ],
        [
          0.922995121890982,
          0.2728902678403219,
          -0.2713132998647302,
          0.18257828202200002
        ],
        [
          0.0,
          0.0,
          0.0,
          1.0
        ]
      ]
    },
    {
      "file_path": "rgb/000054.png",
      "sharpness": 79.70015732811825,
      "transform_matrix": [
        [
          0.1790804316345418,
          -0.6676994387829431,
          0.7225701754532419,
          -0.519012465013
        ],
        [
          0.01652720463739288,
          -0.7322975561198668,
          -0.6807842101633557,
          -0.596530796954
        ],
        [
          0.9836956086678743,
          0.13385719536062696,
          -0.1201049571738277,
          0.07364263751500004
        ],
        [
          0.0,
          0.0,
          0.0,
          1.0
        ]
      ]
    },
    {
      "file_path": "rgb/000055.png",
      "sharpness": 86.72621723666605,
      "transform_matrix": [
        [
          -0.034801103201984984,
          -0.6809217635154279,
          0.7315288341459718,
          -0.52279045056
        ],
        [
          0.016571854864774145,
          -0.7322647587091755,
          -0.6808184022035055,
          -0.596534757209
        ],
        [
          0.9992568522868712,
          -0.011570441808030251,
          0.03676775807825837,
          -0.03867033400799996
        ],
        [
          0.0,
          0.0,
          0.0,
          1.0
        ]
      ]
    },
    {
      "file_path": "rgb/000056.png",
      "sharpness": 88.36480593664385,
      "transform_matrix": [
        [
          -0.24700401802185984,
          -0.6627693640459783,
          0.7069128554235992,
          -0.502523177825
        ],
        [
          0.01653507117098602,
          -0.7322939151993668,
          -0.6807879355448017,
          -0.596532367734
        ],
        [
          0.968873369694114,
          -0.1564685011242588,
          0.1918384780316521,
          -0.14922635011399998
        ],
        [
          0.0,
          0.0,
          0.0,
          1.0
        ]
      ]
    },
    {
      "file_path": "rgb/000057.png",
      "sharpness": 86.74174731949695,
      "transform_matrix": [
        [
          -0.4478546160438812,
          -0.6141929189778894,
          0.649764034989324,
          -0.459165627703
        ],
        [
          0.016544247570432324,
          -0.7322871004039682,
          -0.6807950429125325,
          -0.59653326518
        ],
        [
          0.8939533157612405,
          -0.2941473454909435,
          0.3381195178928829,
          -0.25291648806899997
        ],
        [
          0.0,
          0.0,
          0.0,
          1.0
        ]
      ]
    },
    {
      "file_path": "rgb/000058.png",
      "sharpness": 79.03870214546939,
      "transform_matrix": [
        [
          -0.6281136289402339,
          -0.5373765582493101,
          0.5627607873543217,
          -0.394700884992
        ],
        [
          0.01654256206530285,
          -0.7322883819717259,
          -0.6807937053686289,
          -0.59653284889
        ],
        [
          0.7779457646776192,
          -0.41830629958603033,
          0.46884989809831096,
          -0.34497959680199997
        ],
        [
          0.0,
          0.0,
          0.0,
          1.0
        ]
      ]
    },
    {
      "file_path": "rgb/000059.png",
      "sharpness": 81.6829351267391,
      "transform_matrix": [
        [
          -0.7795039329882043,
          -0.4358604005484503,
          0.44988813019423557,
          -0.312090834572
        ],
        [
          0.016541329942338267,
          -0.732287887165938,
          -0.680794267538869,
          -0.596533223928
        ],
        [
          0.6261788904615515,
          -0.5232400611036876,
          0.5780309988197427,
          -0.42118746357899994
        ],
        [
          0.0,
          0.0,
          0.0,
          1.0
        ]
      ]
    },
    {
      "file_path": "rgb/000060.png",
      "sharpness": 84.82770559487051,
      "transform_matrix": [
        [
          -0.8950627590634805,
          -0.31431658389555583,
          0.31633485806325323,
          -0.215138516468
        ],
        [
          0.0165471564894632,
          -0.7322870157972695,
          -0.6807950632215566,
          -0.596533640826
        ],
        [
          0.44563308780855104,
          -0.6041198652444382,
          0.6606438824868196,
          -0.4780326121849999
        ],
        [
          0.0,
          0.0,
          0.0,
          1.0
        ]
      ]
    },
    {
      "file_path": "rgb/000061.png",
      "sharpness": 90.04258810958746,
      "transform_matrix": [
        [
          -0.9694821507961283,
          -0.17832013560015098,
          0.16824472808161656,
          -0.108296779802
        ],
        [
          0.01654617489755679,
          -0.7322866973270648,
          -0.6807954296365974,
          -0.59653361251
        ],
        [
          0.24460290959833814,
          -0.6572352106798324,
          0.7128893984754323,
          -0.512904175382
        ],
        [
          0.0,
          0.0,
          0.0,
          1.0
        ]
      ]
    },
    {
      "file_path": "rgb/000062.png",
      "sharpness": 79.9095410115266,
      "transform_matrix": [
        [
          -0.9993405456055257,
          -0.03412175570305907,
          0.012416911717125318,
          0.003525016706
        ],
        [
          0.016544505476837244,
          -0.7322880577555853,
          -0.6807940068824633,
          -0.596533308972
        ],
        [
          0.0323226429516064,
          -0.6801396226189836,
          0.7323696747519859,
          -0.524200846305
        ],
        [
          0.0,
          0.0,
          0.0,
          1.0
        ]
      ]
    },
    {
      "file_path": "rgb/000063.png",
      "sharpness": 77.99821468324897,
      "transform_matrix": [
        [
          -0.9832629195186803,
          0.11164309404699806,
          -0.14397864651126072,
          0.115182426815
        ],
        [
          0.016542975280296402,
          -0.7322835789333176,
          -0.6807988616276375,
          -0.596531465565
        ],
        [
          -0.18143968989302456,
          -0.6717861114791112,
          0.7181803807925266,
          -0.511403254176
        ],
        [
          0.0,
          0.0,
          0.0,
          1.0
        ]
      ]
    },
    {
      "file_path": "rgb/000064.png",
      "sharpness": 73.72110060241015,
      "transform_matrix": [
        [
          -0.9219879795063575,
          0.252275320015181,
          -0.29376066543535484,
          0.221546903823
        ],
