{
  "camera_angle_x": 1.3637679719290163,
  "camera_angle_y": 0.8567032449279064,
  "fl_x": 1359.9708251953125,
  "fl_y": 1359.9708251953125,
  "cx": 1072.132568359375,
  "cy": 601.8897705078125,
  "w": 2208.0,
  "h": 1242.0,
  "scale": 1.7,
  "offset": [
    0.5,
    2,
    0.5
  ],
  "aabb_scale": 4,
  "frames": [
    {
      "file_path": "rgb/000001.png",
      "sharpness": 395.5468667539567,
      "transform_matrix": [
        [
          -0.15399402818711255,
          -0.1679341184813246,
          0.9736960363134933,
          -0.544839962479
        ],
        [
          -0.02392861174898336,
          -0.9845278462284572,
          -0.1735866974757061,
          -0.913826727587
        ],
        [
          0.9877819905335761,
          -0.050030509198451194,
          0.14759297858255477,
          -0.18107418152299995
        ],
        [
          0.0,
          0.0,
          0.0,
          1.0
        ]
      ]
    },
    {
      "file_path": "rgb/000002.png",
      "sharpness": 408.10438618692757,
      "transform_matrix": [
        [
          -0.36103000524047485,
          -0.15339625781907812,
          0.9198515768335486,
          -0.49371506415
        ],
        [
          -0.023931352865032396,
          -0.9845298619886633,
          -0.1735748864399245,
          -0.913824170315
        ],
        [
          0.9322470840212438,
          -0.08467903482968098,
          0.3517738412591273,
          -0.29305357347799993
        ],
        [
          0.0,
          0.0,
          0.0,
          1.0
        ]
      ]
    },
    {
      "file_path": "rgb/000003.png",
      "sharpness": 384.4869491698304,
      "transform_matrix": [
        [
          -0.5514232260030111,
          -0.13189636869149363,
          0.8237328291080975,
          -0.419911698462
        ],
        [
          -0.023886230721012872,
          -0.9845209339291476,
          -0.1736317328060219,
          -0.913837285782
        ],
        [
          0.833883609268329,
          -0.11542044264893814,
          0.5397372023608791,
          -0.39156085305899996
        ],
        [
          0.0,
          0.0,
          0.0,
          1.0
        ]
      ]
    },
    {
      "file_path": "rgb/000004.png",
      "sharpness": 363.9070977673688,
      "transform_matrix": [
        [
          -0.7164999297743443,
          -0.10422971629383654,
          0.6897564909985744,
          -0.326790233697
        ],
        [
          -0.02389789212934519,
          -0.9845267442169638,
          -0.17359717933572433,
          -0.913829503005
        ],
        [
          0.6971776971369166,
          -0.14086609302047032,
          0.7029224725757559,
          -0.47206962830999993
        ],
        [
          0.0,
          0.0,
          0.0,
          1.0
        ]
      ]
    },
    {
      "file_path": "rgb/000005.png",
      "sharpness": 352.281207047132,
      "transform_matrix": [
        [
          -0.8486450462058216,
          -0.07177497165820271,
          0.524070547725956,
          -0.218648066791
        ],
        [
          -0.023905663700857584,
          -0.9845348923006776,
          -0.1735498922083067,
          -0.913825853587
        ],
        [
          0.5284222788578665,
          -0.15981051056159462,
          0.8338048308331523,
          -0.5308709777159999
        ],
        [
          0.0,
          0.0,
          0.0,
          1.0
        ]
      ]
    },
    {
      "file_path": "rgb/000006.png",
      "sharpness": 331.6080639034478,
      "transform_matrix": [
        [
          -0.9417825140609692,
          -0.03607010561056587,
          0.334282281448244,
          -0.100464589073
        ],
        [
          -0.023910220714356452,
          -0.9845265797451781,
          -0.17359641448098032,
          -0.913828319021
        ],
        [
          0.33537143222759913,
          -0.1714828307921938,
          0.9263474732459223,
          -0.5652848706869998
        ],
        [
          0.0,
          0.0,
          0.0,
          1.0
        ]
      ]
    },
    {
      "file_path": "rgb/000007.png",
      "sharpness": 336.12597257289394,
      "transform_matrix": [
        [
          -0.9916258359350172,
          0.001320747979002862,
          0.1291373576117858,
          0.0223436693
        ],
        [
          -0.0239124104635089,
          -0.9845346364686945,
          -0.17355041405678026,
          -0.913825501924
        ],
        [
          0.12691098507222673,
          -0.17518505991730907,
          0.9763215641630404,
          -0.5736996624449999
        ],
        [
          0.0,
          0.0,
          0.0,
          1.0
        ]
      ]
    },
    {
      "file_path": "rgb/000008.png",
      "sharpness": 347.61824394396774,
      "transform_matrix": [
        [
          -0.9958884594173196,
          0.038632891384010035,
          -0.08193702522492084,
          0.144121943771
        ],
        [
          -0.023912001282736094,
          -0.9845316086749323,
          -0.173567645932658,
          -0.913824070546
        ],
        [
          -0.0873750112678245,
          -0.17089473726028365,
          0.9814074567592639,
          -0.5557556460729999
        ],
        [
          0.0,
          0.0,
          0.0,
          1.0
        ]
      ]
    },
    {
      "file_path": "rgb/000009.png",
      "sharpness": 350.6604409440196,
      "transform_matrix": [
        [
          -0.9543753134260355,
          0.07416943325901992,
          -0.289251890733652,
          0.259277067981
        ],
        [
          -0.023913056222641133,
          -0.984534294896523,
          -0.17355226277608557,
          -0.913825275769
        ],
        [
          -0.2976506792618649,
          -0.15871709845710527,
          0.9413888440980742,
          -0.5122574969619998
        ],
        [
          0.0,
          0.0,
          0.0,
          1.0
        ]
      ]
    },
    {
      "file_path": "rgb/000011.png",
      "sharpness": 243.6369251874693,
      "transform_matrix": [
        [
          -0.7436686350845092,
          0.1335386037512401,
          -0.6550758753760608,
          0.449082201158
        ],
        [
          -0.023908028645043697,
          -0.9845334299122771,
          -0.1735578622577356,
          -0.91382772393
        ],
        [
          -0.6681207730327288,
          -0.11340796574022752,
          0.7353592767816372,
          -0.35771154253099996
        ],
        [
          0.0,
          0.0,
          0.0,
          1.0
        ]
      ]
    },
    {
      "file_path": "rgb/000012.png",
      "sharpness": 229.92865133922805,
      "transform_matrix": [
        [
          -0.5841579097003331,
          0.15465111955344335,
          -0.7967700846263017,
          0.515013060052
        ],
        [
          -0.023906814268585312,
          -0.9845317191505365,
          -0.17356773380446106,
          -0.913825391634
        ],
        [
          -0.8112878655360652,
          -0.08234273014271185,
          0.5788192066842459,
          -0.25376533901099996
        ],
        [
          0.0,
          0.0,
          0.0,
          1.0
        ]
      ]
    },
    {
      "file_path": "rgb/000013.png",
      "sharpness": 225.64088499731545,
      "transform_matrix": [
        [
          -0.3977960571273031,
          0.16864492024888544,
          -0.9018409991834586,
          0.55726883547
        ],
        [
          -0.02390858359471093,
          -0.984532617236053,
          -0.17356239577979596,
          -0.913826647602
        ],
        [
          -0.9171622956513567,
          -0.0474806957886559,
          0.39567525442331986,
          -0.13815137221799995
        ],
        [
          0.0,
          0.0,
          0.0,
          1.0
        ]
      ]
    },
    {
      "file_path": "rgb/000014.png",
      "sharpness": 227.5443868341225,
      "transform_matrix": [
        [
          -0.19315153538009464,
          0.1749226188005757,
          -0.9654504450318829,
          0.573915691901
        ],
        [
          -0.023908892322442813,
          -0.9845267538778134,
          -0.1735956098717061,
          -0.913828380582
        ],
        [
          -0.9808775913681718,
          -0.010447407849042212,
          0.19434506019194286,
          -0.016189782606999943
        ],
        [
          0.0,
          0.0,
          0.0,
          1.0
        ]
      ]
    },
    {
      "file_path": "rgb/000015.png",
      "sharpness": 269.7820208749817,
      "transform_matrix": [
        [
          0.020374579883604027,
          0.17308761881191687,
          -0.9846956650196992,
          0.564168013981
        ],
        [
          -0.023908558841286516,
          -0.9845341121169371,
          -0.173553919265015,
          -0.91382642961
        ],
        [
          -0.9995065068866233,
          0.027078742440060758,
          -0.015921193396396794,
          0.10651738854500005
        ],
        [
          0.0,
          0.0,
          0.0,
          1.0
        ]
      ]
    },
    {
      "file_path": "rgb/000016.png",
      "sharpness": 333.80055014011464,
      "transform_matrix": [
        [
          0.23296247464792308,
          0.16335386684926612,
          -0.9586678254699635,
          0.528499571805
        ],
        [
          -0.023910608558532834,
          -0.9845309984057935,
          -0.17357129940301944,
          -0.913826618439
        ],
        [
          -0.9721917342809888,
          0.06335793054925509,
          -0.22545288738944858,
          0.22433053476100007
        ],
        [
          0.0,
          0.0,
          0.0,
          1.0
        ]
      ]
    },
    {
      "file_path": "rgb/000017.png",
      "sharpness": 325.22862843921166,
      "transform_matrix": [
        [
          0.43484595968164796,
          0.14608367650110798,
          -0.8885766994516942,
          0.468531596587
        ],
        [
          -0.02390735680174605,
          -0.9845332899477249,
          -0.17355874877246394,
          -0.913827688937
        ],
        [
          -0.9001874413916808,
          0.0967148408706176,
          -0.42462784872882586,
          0.33182821854600003
        ],
        [
          0.0,
          0.0,
          0.0,
          1.0
        ]
      ]
    },
    {
      "file_path": "rgb/000018.png",
      "sharpness": 306.92629602363183,
      "transform_matrix": [
        [
          0.6167367899950228,
          0.12213054695453879,
          -0.7776373585208086,
          0.387034939901
        ],
        [
          -0.02390528799341079,
          -0.9845291269213021,
          -0.17358264731686482,
          -0.913828070383
        ],
        [
          -0.7868063733045048,
          0.12564444971491645,
          -0.6042757674963051,
          0.42407737900500003
        ],
        [
          0.0,
          0.0,
          0.0,
          1.0
        ]
      ]
    },
    {
      "file_path": "rgb/000019.png",
      "sharpness": 308.3431224285849,
      "transform_matrix": [
        [
          0.7702756555945189,
          0.09251335909746466,
          -0.6309648902965503,
          0.287737349019
        ],
        [
          -0.023911877234389794,
          -0.9845354319676334,
          -0.1735459746794299,
          -0.913825784176
        ],
        [
          -0.6372626118999623,
          0.1487657944179689,
          -0.7561515072296219,
          0.49682714871200007
        ],
        [
          0.0,
          0.0,
          0.0,
          1.0
        ]
      ]
    },
    {
      "file_path": "rgb/000020.png",
      "sharpness": 289.7708391536434,
      "transform_matrix": [
        [
          0.8884152502161524,
          0.05869748410179704,
          -0.4552723893928673,
          0.175224331193
        ],
        [
          -0.023903865126365387,
          -0.9845297080464817,
          -0.1735795471993462,
          -0.913826397808
        ],
        [
          -0.45841787532271455,
          0.16509348664931878,
          -0.8732681101761242,
          0.5467482938680001
        ],
        [
          0.0,
          0.0,
          0.0,
          1.0
        ]
      ]
    },
    {
      "file_path": "rgb/000021.png",
      "sharpness": 304.8537881038012,
      "transform_matrix": [
        [
          0.9657132252641092,
          0.022173826364856486,
          -0.25866249819858556,
          0.054655468939
        ],
        [
          -0.02390223658708421,
          -0.9845196885167647,
          -0.17363659179155738,
          -0.913834090935
        ],
        [
          -0.2585085097944111,
          0.1738657653110412,
          -0.9502336796897272,
          0.5715433755280002
        ],
        [
          0.0,
          0.0,
          0.0,
          1.0
        ]
      ]
    },
    {
      "file_path": "rgb/000022.png",
      "sharpness": 314.37010923374584,
      "transform_matrix": [
        [
          0.9986220258649295,
          -0.015402453528730594,
          -0.05016785706724551,
          -0.068433273352
        ],
        [
          -0.02390606756500158,
          -0.9845265354306555,
          -0.17359723778472974,
          -0.913827176706
        ],
        [
          -0.04671776312070025,
          0.17455734146178364,
          -0.983538095424266,
          0.5700514053270002
        ],
        [
          0.0,
          0.0,
          0.0,
          1.0
        ]
      ]
    },
    {
      "file_path": "rgb/000023.png",
      "sharpness": 341.3114698550529,
      "transform_matrix": [
        [
          0.9856290652825453,
          -0.0522560032632993,
          0.1606382762395137,
          -0.188373129654
        ],
        [
          -0.02391110018546261,
          -0.9845330781188502,
          -0.17355943471255925,
          -0.913825232106
        ],
        [
          0.16722321895651043,
          0.16722418548992363,
          -0.97163391605535,
          0.5423559037340001
        ],
        [
          0.0,
          0.0,
          0.0,
          1.0
        ]
      ]
    },
    {
      "file_path": "rgb/000024.png",
      "sharpness": 373.0381780347574,
      "transform_matrix": [
        [
          0.9273301354715071,
          -0.0867038776486381,
          0.3640621615151549,
          -0.299653552428
        ],
        [
          -0.023909896056128924,
          -0.9845312261709747,
          -0.1735701056197836,
          -0.913828430551
        ],
        [
          0.3734797674800897,
          0.1522521011184007,
          -0.9150585560433009,
          0.48973739696800006
        ],
        [
          0.0,
          0.0,
          0.0,
          1.0
        ]
      ]
    },
    {
      "file_path": "rgb/000025.png",
      "sharpness": 389.6150650394183,
      "transform_matrix": [
        [
          0.8264066941733959,
          -0.11714873521715957,
          0.5507523487579686,
          -0.397157325019
        ],
        [
          -0.02390939775743319,
          -0.9845363102421244,
          -0.17354133373263042,
          -0.913823605762
        ],
        [
          0.5625658330580308,
          0.13024756294013035,
          -0.8164283531479543,
          0.41460254071600006
        ],
        [
          0.0,
          0.0,
          0.0,
          1.0
        ]
      ]
    },
    {
      "file_path": "rgb/000026.png",
      "sharpness": 383.95117810738725,
      "transform_matrix": [
        [
          0.6874901009186855,
          -0.14224227020388014,
          0.712126742726365,
          -0.476410177784
        ],
        [
          -0.023902477427244117,
          -0.9845301264473135,
          -0.17357736514441396,
          -0.91382986678
        ],
        [
          0.7258002705370509,
          0.10231112688697891,
          -0.6802546586414978,
          0.32042070702100006
        ],
        [
          0.0,
          0.0,
          0.0,
          1.0
        ]
      ]
    },
    {
      "file_path": "rgb/000027.png",
      "sharpness": 356.8512220891862,
      "transform_matrix": [
        [
          0.6252742759619061,
          -0.41162894369752084,
          0.6630186215565723,
          -0.507196122241
        ],
        [
          -0.03448713378852531,
          -0.8633271856333676,
          -0.5034648032875995,
          -0.668931173292
        ],
        [
          0.779642685737105,
          0.2919379784420521,
          -0.5540121833676598,
          0.30682184031200005
        ],
        [
          0.0,
          0.0,
          0.0,
          1.0
        ]
      ]
    },
    {
      "file_path": "rgb/000028.png",
      "sharpness": 345.1756499839229,
      "transform_matrix": [
        [
          0.7770926079169588,
          -0.3399407400448265,
          0.5296861070281106,
          -0.430135803158
        ],
        [
          -0.03449654901361503,
          -0.8633311118542957,
          -0.5034574256186679,
          -0.668931818454
        ],
        [
          0.6284401855602255,
          0.37296070109624285,
          -0.6826150076073834,
          0.40788383650000004
        ],
        [
          0.0,
          0.0,
          0.0,
          1.0
        ]
      ]
    },
    {
      "file_path": "rgb/000029.png",
      "sharpness": 330.28771953798605,
      "transform_matrix": [
        [
          0.8931818728061091,
          -0.2526471441170868,
          0.3720155408851248,
          -0.333305605751
        ],
        [
          -0.03449464238395247,
          -0.8633152617356179,
          -0.5034847351222926,
          -0.668930042559
        ],
        [
          0.448370674484154,
          0.43687089560171205,
          -0.779812515184761,
          0.4902017484880001
        ],
        [
          0.0,
          0.0,
          0.0,
          1.0
        ]
      ]
    },
    {
      "file_path": "rgb/000030.png",
      "sharpness": 298.12092464187015,
      "transform_matrix": [
        [
          0.9682260163877804,
          -0.15372495229189306,
          0.1972486254266568,
          -0.221152200333
        ],
        [
          -0.03450105110381159,
          -0.8633219761748815,
          -0.5034727827065038,
          -0.668931812044
        ],
        [
          0.24768540260294417,
          0.4806701618535869,
          -0.841194470286785,
          0.549980985309
        ],
        [
          0.0,
          0.0,
          0.0,
          1.0
        ]
      ]
    },
    {
      "file_path": "rgb/000031.png",
      "sharpness": 266.2929641005891,
      "transform_matrix": [
        [
          0.9987701476900743,
          -0.047734305288146914,
          0.013402543855747318,
          -0.098837221773
        ],
        [
          -0.03450455487243913,
          -0.863319960019216,
          -0.5034759997512039,
          -0.66892874347
        ],
        [
          0.03560376070307851,
          0.502394349820017,
          -0.8639052549282941,
          0.584482443522
        ],
        [
          0.0,
          0.0,
          0.0,
          1.0
        ]
      ]
    },
    {
      "file_path": "rgb/000032.png",
      "sharpness": 254.14073731296776,
      "transform_matrix": [
        [
          0.9834046785817674,
          0.0604618699588651,
          -0.17105437856005784,
          0.028026562121
        ],
        [
          -0.03449560644931693,
          -0.8633222191386489,
          -0.5034727391599392,
          -0.668933159461
        ],
        [
          -0.17811594897477354,
          0.5010180717525023,
          -0.8469094405532507,
          0.592116543775
        ],
        [
          0.0,
          0.0,
          0.0,
          1.0
        ]
      ]
    },
    {
      "file_path": "rgb/000033.png",
      "sharpness": 263.34825295162574,
      "transform_matrix": [
        [
          0.9228312619336149,
          0.165870527069352,
          -0.3476628111370943,
          0.153597382425
        ],
        [
          -0.03450060449021091,
          -0.863323112637753,
          -0.5034708645743777,
          -0.668930683861
        ],
        [
          -0.3836563179302819,
          0.4766132304449771,
          -0.7909789240409515,
          0.572533261998
        ],
        [
          0.0,
          0.0,
          0.0,
          1.0
        ]
      ]
    },
    {
      "file_path": "rgb/000034.png",
      "sharpness": 304.68818914100484,
      "transform_matrix": [
        [
          0.8198437671821663,
          0.2636619034354112,
          -0.508270201850718,
          0.272112296654
        ],
        [
          -0.03449104313484264,
          -0.8633203722046917,
          -0.5034762187827971,
          -0.668931555989
        ],
        [
          -0.5715475180210514,
          0.43030260934970926,
          -0.698693852148999,
          0.526635666042
        ],
        [
          0.0,
          0.0,
          0.0,
          1.0
        ]
      ]
    },
    {
      "file_path": "rgb/000035.png",
      "sharpness": 331.5503802794635,
      "transform_matrix": [
        [
          0.6791644786958733,
          0.34932029648322593,
          -0.6455315184734469,
          0.378114465201
        ],
        [
          -0.034495982888978136,
          -0.8633243378705423,
          -0.5034690802868765,
          -0.668932271261
        ],
        [
          -0.7331750391566029,
          0.3642065596680833,
          -0.5742890769050487,
          0.45652471530700006
        ],
        [
          0.0,
          0.0,
          0.0,
          1.0
        ]
      ]
    },
    {
      "file_path": "rgb/000036.png",
      "sharpness": 339.593682107204,
      "transform_matrix": [
        [
          0.5072745289298005,
          0.4189323956800448,
          -0.7531057031710937,
          0.466740941084
        ],
        [
          -0.034495870510736326,
          -0.8633196790345621,
          -0.503477076647356,
          -0.668930648757
        ],
        [
          -0.8610938318306292,
          0.28138013370072756,
          -0.42348864582395257,
          0.36543678490900006
        ],
        [
          0.0,
          0.0,
          0.0,
          1.0
        ]
      ]
    },
    {
      "file_path": "rgb/000037.png",
      "sharpness": 326.79360492476695,
      "transform_matrix": [
        [
          0.31206167366939697,
          0.46927599566436007,
          -0.8260735752461026,
          0.533906157485
        ],
        [
          -0.034494021314266265,
          -0.8633248490316261,
          -0.5034683381684404,
          -0.668932911804
        ],
        [
          -0.9494354503178327,
          0.18560777176008464,
          -0.25322338111246867,
          0.2575437354880001
        ],
        [
          0.0,
          0.0,
          0.0,
          1.0
        ]
      ]
    },
    {
      "file_path": "rgb/000038.png",
      "sharpness": 321.7360283330838,
      "transform_matrix": [
        [
          0.10250885420568318,
          0.49805718456613857,
          -0.8610638627369573,
          0.576536183868
        ],
        [
          -0.03449120717472382,
          -0.8633237147253446,
          -0.5034704760166799,
          -0.668932407967
        ],
        [
          -0.9941339403908653,
          0.08130931370318817,
          -0.07131973126735877,
          0.13781542489900003
        ],
        [
          0.0,
          0.0,
          0.0,
          1.0
        ]
      ]
    },
    {
      "file_path": "rgb/000039.png",
      "sharpness": 292.14573195559717,
      "transform_matrix": [
        [
          -0.11176521104826903,
          0.5039468406927411,
          -0.8564730698364897,
          0.592663428021
        ],
        [
          -0.034502037824003136,
          -0.8633212497191864,
          -0.5034739607658899,
          -0.668929638864
        ],
        [
          -0.9931355129010978,
          -0.02672080723156889,
          0.11387647463618808,
          0.011755326912000041
        ],
        [
          0.0,
          0.0,
          0.0,
          1.0
        ]
      ]
    },
    {
      "file_path": "rgb/000040.png",
      "sharpness": 303.57115356120596,
      "transform_matrix": [
        [
          -0.3208896732382245,
          0.48666628162181946,
          -0.8125181523765841,
          0.581547845396
        ],
        [
          -0.03449608193470466,
          -0.8633223976324602,
          -0.5034724005119793,
          -0.66893347586
        ],
        [
          -0.9464881604860254,
          -0.133530401326936,
          0.293819322001205,
          -0.11484991289999996
        ],
        [
          0.0,
          0.0,
          0.0,
          1.0
        ]
      ]
    },
    {
      "file_path": "rgb/000041.png",
      "sharpness": 343.4159329855985,
      "transform_matrix": [
        [
          -0.5152702580604381,
          0.44701606654450954,
          -0.7312135101387315,
          0.543698873128
        ],
        [
          -0.03449739881718644,
          -0.8633237243158798,
          -0.5034700353627882,
          -0.668931541034
        ],
        [
          -0.8563331656739555,
          -0.23419817096731113,
          0.46026592974321767,
          -0.23617268070499997
        ],
        [
          0.0,
          0.0,
          0.0,
          1.0
        ]
      ]
    },
    {
      "file_path": "rgb/000042.png",
      "sharpness": 379.09195279937575,
      "transform_matrix": [
        [
          -0.6859626295940388,
          0.3868242531143696,
          -0.6162972237507984,
          0.48086219172
        ],
        [
          -0.034497498469124796,
          -0.8633213834781492,
          -0.5034740424577488,
          -0.668931206717
        ],
        [
          -0.726818542278473,
          -0.32410366556378906,
          0.6055506754750681,
          -0.34664048920099994
        ],
        [
          0.0,
          0.0,
          0.0,
          1.0
        ]
      ]
    },
    {
      "file_path": "rgb/000043.png",
      "sharpness": 383.6262047539737,
      "transform_matrix": [
        [
          -0.825127947600703,
          0.3088485414374883,
          -0.4730501543601775,
          0.395920601528
        ],
        [
          -0.03449999451540498,
          -0.8633211622120104,
          -0.5034742508364661,
          -0.668930826673
        ],
        [
          -0.563891497068974,
          -0.39911044753155717,
          0.7230056916819337,
          -0.44117498001699995
        ],
        [
          0.0,
          0.0,
          0.0,
          1.0
        ]
      ]
    },
    {
      "file_path": "rgb/000044.png",
      "sharpness": 339.5234991438978,
      "transform_matrix": [
        [
          -0.9263637940750965,
          0.21667177636183457,
          -0.30806405560369987,
          0.292778663054
        ],
        [
          -0.03449489092560345,
          -0.8633210488825672,
          -0.5034747948570363,
          -0.668931427991
        ],
        [
          -0.375046961761888,
          -0.45577418518879625,
          0.807223431640005,
          -0.515431063456
        ],
        [
          0.0,
          0.0,
          0.0,
          1.0
        ]
      ]
    },
    {
      "file_path": "rgb/000045.png",
      "sharpness": 308.0837984236329,
      "transform_matrix": [
        [
          -0.9850190155165588,
          0.11454317736093458,
          -0.12890849309045235,
          0.176180490209
        ],
        [
          -0.03450240065414402,
          -0.8633213334135045,
          -0.5034737923886704,
          -0.668930050074
        ],
        [
          -0.16895894004133263,
          -0.4914836068407475,
          0.8543399445109184,
          -0.565993710794
        ],
        [
          0.0,
          0.0,
          0.0,
          1.0
        ]
      ]
    },
    {
      "file_path": "rgb/000046.png",
      "sharpness": 261.88525942559164,
      "transform_matrix": [
        [
          -0.9983963462481164,
          0.007140196618289785,
          0.05615828870846923,
          0.05148218248
        ],
        [
          -0.034493671045310564,
          -0.8633234544760262,
          -0.5034707534796822,
          -0.668933188989
        ],
        [
          0.04488788763385422,
          -0.5046004662540783,
          0.8621852741725167,
          -0.590539297619
        ],
        [
          0.0,
          0.0,
          0.0,
          1.0
        ]
      ]
    },
    {
      "file_path": "rgb/000047.png",
      "sharpness": 263.87477719614986,
      "transform_matrix": [
        [
          -0.9658810246393462,
          -0.10057968755357848,
          0.23865785696949365,
          -0.075578702922
        ],
        [
          -0.034503130032483606,
          -0.8633202660416907,
          -0.5034755726543901,
          -0.668928752165
        ],
        [
          0.25667758036028054,
          -0.49453194506859616,
          0.8303943491179734,
          -0.587942792596
        ],
        [
          0.0,
          0.0,
          0.0,
          1.0
        ]
      ]
    },
    {
      "file_path": "rgb/000048.png",
      "sharpness": 289.4502635280122,
      "transform_matrix": [
        [
          -0.8889686699106522,
          -0.20368509802826273,
          0.41017933243704896,
          -0.199170393081
        ],
        [
          -0.03449852302615605,
          -0.8633222776981546,
          -0.5034724389071206,
          -0.668932668811
        ],
        [
          0.456666788617587,
          -0.4617218054968678,
          0.7604396218651501,
          -0.558318369365
        ],
        [
          0.0,
          0.0,
          0.0,
          1.0
        ]
      ]
    },
    {
      "file_path": "rgb/000049.png",
      "sharpness": 301.3205659998968,
      "transform_matrix": [
        [
          -0.7711949767882431,
          -0.29742459725495735,
          0.5628471521863709,
          -0.313603918093
        ],
        [
          -0.03449604621693188,
          -0.8633235969651275,
          -0.5034703464143581,
          -0.668930890694
        ],
        [
          0.6356636929792205,
          -0.40768980349147904,
          0.6555308486693047,
          -0.503029544409
        ],
        [
          0.0,
          0.0,
          0.0,
          1.0
        ]
      ]
    },
    {
      "file_path": "rgb/000050.png",
      "sharpness": 309.7827275683795,
      "transform_matrix": [
        [
          -0.6179711731648906,
          -0.37749471257551204,
          0.6896443801806409,
          -0.413624187047
        ],
        [
          -0.03449704580166991,
          -0.8633217860019375,
          -0.5034733832541521,
          -0.668930541387
        ],
        [
          0.7854435581046969,
          -0.33492273107682086,
          0.5204855245248203,
          -0.42462028271899993
        ],
        [
          0.0,
          0.0,
          0.0,
          1.0
        ]
      ]
    },
    {
      "file_path": "rgb/000051.png",
      "sharpness": 314.9977674908546,
      "transform_matrix": [
        [
          -0.43634602143233325,
          -0.44021345443177456,
          0.7847383411796685,
          -0.49463256552
        ],
        [
          -0.03448998013284493,
          -0.8633216830602983,
          -0.503474043847714,
          -0.668931950883
        ],
        [
          0.8991176735281148,
          -0.24675450572416655,
          0.36152402832206404,
          -0.32669129785999995
        ],
        [
          0.0,
          0.0,
          0.0,
          1.0
        ]
      ]
    },
    {
      "file_path": "rgb/000052.png",
      "sharpness": 311.8319235484272,
      "transform_matrix": [
        [
          -0.23465361405340174,
          -0.4826885007979529,
          0.8437709953589907,
          -0.55289845324
        ],
        [
          -0.03449510807891131,
          -0.8633251284457971,
          -0.5034677845827598,
          -0.668932753023
        ],
        [
          0.9714668130874577,
          -0.14724650689056307,
          0.18593196948945048,
          -0.21374617942899998
        ],
        [
          0.0,
          0.0,
          0.0,
          1.0
        ]
      ]
    },
    {
      "file_path": "rgb/000053.png",
      "sharpness": 320.3671410067827,
      "transform_matrix": [
        [
          0.5776567429302015,
          -0.5404165100493907,
          0.6117701226876873,
          -0.454945741792
        ],
        [
          -0.02112056896664328,
          -0.7591056350240236,
          -0.6506247431825041,
          -0.576496345221
        ],
        [
          0.8160065005340316,
          0.362916836948647,
          -0.4499163928391506,
          0.17843602601800002
        ],
        [
          0.0,
          0.0,
          0.0,
          1.0
        ]
      ]
    },
    {
      "file_path": "rgb/000054.png",
      "sharpness": 338.56630764540796,
      "transform_matrix": [
        [
          0.39044096098774056,
          -0.6053547222644547,
          0.6936148183358648,
          -0.482526806155
        ],
        [
          -0.021082205148629796,
          -0.7590964463434483,
          -0.6506367079828954,
          -0.576498378899
        ],
        [
          0.9203865473859562,
          0.23941229162445532,
          -0.3091445584351858,
          0.07735851790000005
        ],
        [
          0.0,
          0.0,
          0.0,
          1.0
        ]
      ]
    },
    {
      "file_path": "rgb/000055.png",
      "sharpness": 303.92038972311724,
      "transform_matrix": [
        [
          0.18521851732503408,
          -0.6425078319935513,
          0.7435575207520009,
          -0.487929423427
        ],
        [
          -0.02102672459706539,
          -0.7590674916425453,
          -0.6506722830920443,
          -0.57650371696
        ],
        [
          0.9824723801169348,
          0.1048819763278742,
          -0.15410319058645097,
          -0.027264704917999965
        ],
        [
          0.0,
          0.0,
          0.0,
          1.0
        ]
      ]
    },
    {
      "file_path": "rgb/000056.png",
      "sharpness": 288.9210127557511,
      "transform_matrix": [
        [
          -0.028443835540591822,
          -0.6500521164892171,
          0.7593570925905868,
          -0.470892829432
        ],
        [
          -0.0210942405657683,
          -0.7591049424219086,
          -0.6506264054014288,
          -0.576498701235
        ],
        [
          0.9993727939236156,
          -0.03452437166003292,
          0.007879500414788838,
          -0.13065615669599998
        ],
        [
          0.0,
          0.0,
          0.0,
          1.0
        ]
      ]
    },
    {
      "file_path": "rgb/000057.png",
      "sharpness": 321.9147339979569,
      "transform_matrix": [
        [
          -0.24079065311283376,
          -0.627788124479838,
          0.7402039800862883,
          -0.432227816651
        ],
        [
          -0.02105432024675707,
          -0.7590851354567707,
          -0.6506508070597645,
          -0.576501313353
        ],
        [
          0.9703486883447836,
          -0.17225512442497398,
          0.16956295331497015,
          -0.22802502166799998
        ],
        [
          0.0,
          0.0,
          0.0,
          1.0
        ]
      ]
    },
    {
      "file_path": "rgb/000058.png",
      "sharpness": 354.9438227115498,
      "transform_matrix": [
        [
          -0.442100412161706,
          -0.5766346103113832,
          0.6870514913436178,
          -0.37368658016
        ],
        [
          -0.021060270521916558,
          -0.7590887339933877,
          -0.6506464162122618,
          -0.576500514789
        ],
        [
          0.8967182894153513,
          -0.3021205390491605,
          0.3234493612803266,
          -0.31491947995099995
        ],
        [
          0.0,
          0.0,
          0.0,
          1.0
        ]
      ]
    },
    {
      "file_path": "rgb/000059.png",
      "sharpness": 367.3380615389619,
      "transform_matrix": [
        [
          -0.623086930754981,
          -0.49898611532794457,
          0.6023085035364062,
          -0.297969971636
        ],
        [
          -0.02105592561783521,
          -0.7590850252959914,
          -0.650650883629432,
          -0.576500454698
        ],
        [
          0.7818691224998683,
          -0.41809422512313127,
          0.4624693440650686,
          -0.38733701506499996
        ],
        [
          0.0,
          0.0,
          0.0,
          1.0
        ]
      ]
    },
    {
      "file_path": "rgb/000060.png",
      "sharpness": 343.93856317931187,
      "transform_matrix": [
        [
          -0.7754363235675005,
          -0.398375686095692,
          0.4898931728651722,
          -0.208552115331
        ],
        [
          -0.021070718631176866,
          -0.7590944826213712,
          -0.6506393711343933,
          -0.576499797603
        ],
        [
          0.6310741104723633,
          -0.5148518031255008,
          0.5802353728530656,
          -0.4419507149879999
        ],
        [
          0.0,
          0.0,
          0.0,
          1.0
        ]
      ]
    },
    {
      "file_path": "rgb/000061.png",
      "sharpness": 311.1030868584324,
      "transform_matrix": [
        [
          -0.8921392735924489,
          -0.2794753389890484,
          0.3549380951812503,
          -0.109554341608
        ],
        [
          -0.0210651425221271,
          -0.7590880439751889,
          -0.6506470635178834,
          -0.576500117321
        ],
        [
          0.451269073042304,
          -0.5879446201734297,
          0.6713250682975137,
          -0.4762484286059999
        ],
        [
          0.0,
          0.0,
          0.0,
          1.0
        ]
      ]
    },
    {
      "file_path": "rgb/000062.png",
      "sharpness": 246.00949044388366,
      "transform_matrix": [
        [
          -0.967829214931864,
          -0.1477219293146883,
          0.2036782814242063,
          -0.005517645199
        ],
        [
          -0.021065368633941164,
          -0.7590907549229221,
          -0.6506438934124137,
          -0.576499668582
        ],
        [
          0.2507246716394063,
          -0.6340027266424763,
          0.7315583925027568,
          -0.48865594720399996
        ],
        [
          0.0,
          0.0,
          0.0,
          1.0
        ]
      ]
    },
    {
      "file_path": "rgb/000063.png",
      "sharpness": 241.99759833550826,
      "transform_matrix": [
        [
          -0.9990304036239076,
          -0.009193997829107963,
          0.043054884031559125,
          0.098768496742
        ],
        [
          -0.021055218579831714,
          -0.7590828331507321,
          -0.6506534639778796,
          -0.576500657997
        ],
        [
          0.0386643298869663,
          -0.6509291227313282,
          0.7581532475526408,
          -0.47860359208899994
        ],
        [
          0.0,
          0.0,
          0.0,
          1.0
        ]
      ]
    },
    {
      "file_path": "rgb/000064.png",
      "sharpness": 307.68084100981383,
      "transform_matrix": [
        [
          -0.9843104122355948,
          0.12979115312601655,
          -0.11952936432029132,
          0.198524538278
        ],
        [
          -0.02108585309538855,
          -0.7591009018343573,
          -0.6506313915217323,
          -0.576497986817
        ],
        [
          -0.17518104681681093,
          -0.637902874585532,
          0.749927678800884,
          -0.44654354422899994
        ],
        [
          0.0,
          0.0,
          0.0,
          1.0
        ]
      ]
    },
    {
      "file_path": "rgb/000065.png",
      "sharpness": 343.68557652688617,
      "transform_matrix": [
        [
          -0.9243488028660416,
          0.2627755641938651,
